433
387
228
121
112
32
420
413
216
310
373
215
463
72
142
412
206
76
235
313
17
191
149
449
46
62
448
332
78
38
219
472
448
144
59
384
47
272
391
470
51
301
106
181
355
250
80
53
388
224
96
158
60
150
416
187
143
152
262
35
84
482
109
314
53
387
392
403
475
97
369
50
271
461
94
3
339
40
328
127
353
445
282
427
431
48
416
5
180
52
220
452
429
389
74
83
81
259
127
297
461
471
117
9
306
60
425
423
87
422
56
386
94
152
230
33
236
285
400
231
82
233
345
237
323
377
368
106
430
96
350
147
222
173
153
254
165
351
190
258
281
65
468
302
87
320
369
212
23
34
65
143
335
325
80
3
427
439
354
135
168
100
230
291
155
239
25
188
193
199
42
22
474
404
149
348
167
310
346
142
389
291
285
233
282
289
28
288
144
11
289
118
116
385
223
257
2
137
389
217
433
283
325
216
195
202
339
359
41
230
118
109
260
254
161
403
54
333
388
238
324
196
150
43
302
377
437
146
12
141
453
330
303
57
247
132
371
151
84
317
146
295
292
20
132
134
425
481
450
439
123
304
169
147
365
161
16
358
6
181
4
125
197
358
79
437
267
350
190
338
85
418
439
130
203
105
146
115
472
9
375
188
162
276
19
321
262
183
350
229
57
139
50
65
347
348
476
338
261
82
257
21
482
475
249
113
347
429
188
308
142
412
448
71
263
160
308
113
134
260
371
86
273
94
36
205
111
105
106
241
358
330
100
43
252
108
425
91
63
177
305
185
261
374
296
299
41
260
362
324
161
391
25
87
66
367
255
223
26
4
389
428
351
121
149
336
243
91
220
127
52
352
7
175
51
227
322
102
325
186
82
448
208
281
312
144
256
110
422
376
423
203
288
145
443
345
402
146
329
263
363
346
427
147
393
438
294
399
55
317
206
15
375
452
134
117
19
138
86
13
450
346
218
335
424
293
172
323
382
352
258
121
389
427
126
161
65
396
180
306
368
78
200
140
98
23
347
102
70
228
44
330
135
149
83
381
313
302
420
327
480
395
132
429
311
156
184
53
277
453
459
348
454
171
113
354
85
139
147
216
29
424
66
76
292
142
19
246
140
402
233
12
378
49
317
288
54
80
310
212
