165
374
315
0
511
346
141
506
496
263
352
528
48
418
215
450
264
108
66
17
470
510
121
258
216
118
212
505
411
181
371
487
24
336
455
248
63
175
310
363
41
388
502
192
108
331
342
97
522
139
314
349
377
185
515
200
396
455
461
73
332
200
61
9
245
338
286
3
249
29
31
353
346
471
389
80
273
526
428
15
111
288
350
38
158
143
326
455
404
409
422
15
401
179
522
339
41
320
270
126
65
398
465
369
130
122
271
447
259
304
386
207
497
32
475
259
21
290
23
411
425
321
449
249
457
79
327
530
414
395
48
353
341
119
438
221
194
273
132
75
148
296
51
128
101
367
478
334
360
58
151
78
422
458
318
142
309
511
472
115
150
246
227
200
465
486
407
487
446
46
465
245
73
411
264
254
143
125
95
423
164
440
309
458
94
36
51
417
39
155
142
285
126
132
440
261
318
380
190
294
520
491
259
406
109
74
10
449
392
170
68
113
286
303
476
298
360
417
139
173
78
493
315
386
115
22
296
167
69
505
503
294
61
381
437
297
53
329
341
139
206
189
430
249
109
534
71
155
268
103
49
517
153
511
48
196
247
369
519
254
289
231
401
27
187
495
77
263
136
510
279
389
146
356
431
15
232
82
201
243
24
328
411
310
523
320
462
390
136
55
111
131
13
36
186
247
296
63
412
409
230
258
396
392
47
98
266
125
101
22
300
25
217
247
75
154
206
190
62
40
429
411
206
314
261
315
431
60
393
69
151
342
240
201
74
526
173
497
461
58
242
446
525
348
427
335
493
422
134
155
224
282
362
51
494
112
61
503
515
340
63
103
399
362
451
314
40
493
24
421
468
517
524
319
250
162
463
214
529
333
218
431
116
150
303
501
83
421
368
348
374
400
266
393
490
173
392
404
273
97
322
280
76
352
420
239
250
68
518
23
125
487
342
15
494
272
434
529
57
407
15
137
491
24
75
142
366
8
522
255
131
484
358
324
293
368
310
31
481
25
355
474
62
195
267
196
353
374
379
308
475
48
537
485
405
181
502
420
252
174
156
454
409
338
274
50
325
287
83
285
504
447
392
34
311
50
241
6
146
323
357
376
371
35
111
113
511
208
159
176
416
504
359
216
57
356
339
378
165
384
