99
151
95
317
320
236
223
111
374
344
25
281
113
218
287
249
310
14
150
240
140
235
286
241
374
130
109
26
301
210
197
369
117
73
270
206
34
259
304
55
173
112
156
45
59
310
44
380
332
180
169
74
311
114
255
269
314
109
244
79
296
369
100
68
203
253
97
219
262
386
292
94
147
246
210
126
47
178
185
13
171
114
200
365
181
17
33
56
73
221
252
109
263
59
27
97
61
95
300
4
315
350
13
63
86
366
124
176
206
317
203
44
30
376
36
164
60
364
217
12
372
336
383
288
221
88
236
211
65
369
250
19
350
72
229
37
363
125
231
22
355
194
347
384
135
179
328
234
147
34
45
100
315
172
151
232
265
228
17
162
198
226
183
140
325
251
136
322
335
347
147
22
230
296
265
4
381
151
68
98
368
228
230
19
23
243
304
129
159
224
165
203
206
55
188
116
136
293
127
150
184
363
30
155
321
78
190
34
37
253
201
134
27
172
355
375
249
260
40
233
377
280
223
61
13
390
120
55
189
94
280
270
108
66
164
8
179
196
283
151
43
20
372
284
149
218
177
250
173
82
162
67
169
194
69
93
4
244
272
320
117
364
310
46
315
8
241
126
187
67
336
288
78
370
258
177
379
340
75
91
205
67
343
156
279
79
177
314
342
202
110
102
328
12
127
166
292
115
390
283
363
46
172
311
157
312
143
293
183
341
209
233
348
183
329
164
153
100
286
205
175
215
268
269
80
112
272
29
202
206
138
161
274
90
223
347
145
154
198
290
341
327
148
100
328
62
29
368
157
139
60
130
179
223
107
208
358
345
181
254
221
372
358
299
390
245
20
342
386
91
380
267
49
221
298
299
236
53
156
177
228
390
196
359
33
348
354
85
389
320
38
209
16
60
113
324
360
306
87
128
62
155
299
27
158
173
247
71
192
232
181
196
167
312
362
309
248
361
370
222
235
44
349
189
143
221
98
14
60
299
87
262
321
210
381
95
268
160
216
348
385
343
129
1
236
319
359
369
291
325
266
96
388
188
314
136
384
167
377
206
199
179
61
162
29
203
368
277
166
311
249
248
8
200
364
363
218
152
301
299
201
255
214
184
232
300
194
175
314
367
222
250
128
126
103
132
268
297
379
122
