327
170
50
303
269
33
193
272
160
4
219
283
174
186
329
37
268
56
52
143
78
91
287
268
270
191
195
233
239
257
171
0
218
289
21
16
25
38
179
27
230
123
316
27
246
211
36
196
141
104
8
248
326
140
232
235
72
40
13
89
204
23
133
32
209
70
1
173
159
332
114
304
80
153
110
112
246
282
163
154
43
160
72
165
95
259
299
144
149
4
168
306
142
298
53
181
283
327
21
187
67
38
55
144
100
35
186
83
206
7
66
137
151
179
114
323
301
18
253
167
13
330
199
105
187
52
120
182
269
73
40
38
320
140
138
74
98
151
39
66
19
280
56
79
110
246
108
254
337
327
32
206
84
283
87
302
128
348
135
288
130
213
260
268
203
85
296
155
305
0
277
194
238
146
278
13
261
61
192
218
218
344
61
211
287
39
27
55
264
299
154
17
329
189
51
268
290
222
191
65
233
86
264
313
156
13
7
205
67
306
131
45
31
203
72
308
195
89
157
262
300
254
83
297
196
218
116
175
189
2
133
126
118
125
8
82
277
173
47
273
228
268
63
154
99
74
115
283
75
11
192
18
13
143
183
258
280
202
126
177
225
53
247
127
21
194
340
114
181
245
240
299
117
270
250
116
124
200
39
59
264
95
203
177
12
184
20
336
78
236
72
308
154
92
19
87
136
165
57
48
136
334
341
112
248
178
50
149
189
22
74
185
54
239
29
281
158
163
109
252
113
276
292
181
56
330
320
36
31
40
20
207
205
223
0
344
25
262
234
16
274
218
109
55
228
240
68
100
142
20
46
82
293
168
295
40
325
323
249
321
323
305
85
75
250
346
253
86
10
156
185
228
25
36
10
226
57
155
94
29
175
310
0
162
295
56
305
343
274
334
204
194
281
313
297
342
223
260
30
215
137
159
94
21
59
221
41
328
96
185
30
21
253
106
60
282
270
36
163
68
66
57
309
322
215
238
111
126
281
19
2
192
153
209
225
40
17
162
109
104
221
293
192
255
209
43
122
194
215
51
207
159
147
37
118
187
156
119
220
102
207
251
201
324
32
190
82
265
319
130
335
98
321
80
223
260
118
285
101
152
258
147
280
61
117
310
123
252
221
176
31
280
279
329
92
154
8
254
313
287
