174
1930
289
811
1861
905
37
118
1356
1936
126
1893
1940
1671
623
913
941
1284
710
1921
755
689
1867
1281
1083
84
864
472
310
1606
263
1794
1704
734
406
1550
232
619
1856
1713
1025
1951
1720
1202
1507
358
1770
1131
418
791
1264
867
171
1874
1972
338
1970
877
744
826
1155
284
1716
874
1595
1942
397
432
281
1392
62
559
73
831
1650
1368
951
1302
1439
554
1230
360
437
1546
1738
1904
1571
1907
1089
1521
1338
223
138
1884
674
1312
664
1964
19
1839
1725
1904
571
1087
1696
623
901
1341
1526
2
244
958
1565
562
1133
1686
1311
1421
786
5
394
568
1081
1346
1324
1951
1385
1680
1218
1919
855
1545
159
1258
743
102
67
1760
168
824
1741
1525
458
148
1182
401
1840
1515
595
275
1071
1258
1541
978
846
1636
1476
687
1172
1141
1425
1221
1644
862
1452
1975
210
105
974
1866
1224
453
617
866
1530
1734
1591
888
1250
1438
841
1935
1435
429
802
1728
59
718
346
1369
489
629
1411
958
852
600
1684
671
738
1103
713
240
34
540
469
260
1926
444
1506
57
346
186
1719
1293
1763
1784
706
16
696
387
1064
1464
306
1797
572
474
683
1112
1794
1720
944
698
413
735
1252
98
1035
4
170
781
1839
1929
1381
611
1852
1319
1616
127
300
1161
1941
443
650
160
21
1631
653
1463
1956
474
204
1083
1208
728
1711
1739
68
1552
396
1408
208
1157
1649
973
173
1375
1778
946
1744
147
423
1118
1751
1086
1438
1112
1472
652
1406
504
1030
1953
1753
1249
124
936
932
1206
1226
1204
1207
642
1208
883
1764
925
1457
1320
257
279
1326
603
61
1695
1757
939
1919
1087
1111
377
993
1713
1132
1293
1918
183
975
1794
1153
1728
1673
1310
658
196
888
810
144
1403
1871
1091
1634
1850
1401
1622
618
1389
999
273
1566
55
710
543
397
101
350
1094
1090
515
712
1247
1432
339
1598
168
1402
352
1460
550
1184
429
708
127
760
1990
1844
1018
699
1204
1966
87
1109
1868
1296
649
984
420
1585
474
528
1081
1385
1401
833
1110
801
335
166
0
1876
1150
377
956
1504
399
858
1838
713
687
1524
923
1977
953
735
1621
1398
583
421
1209
1906
624
104
464
315
1094
1254
1910
627
1723
1874
1502
1484
40
1134
1847
1623
1646
694
1747
1606
981
235
407
1021
1396
1652
620
1495
574
182
1833
1909
1264
1191
1099
277
685
1757
26
1991
1720
486
112
163
708
1897
214
1878
1789
909
1295
1635
1877
1815
1200
790
1951
159
1165
1254
509
366
415
862
533
1249
1404
1614
1803
611
255
1873
651
146
1485
1725
1151
582
1266
1470
1452
