103
114
712
598
568
434
424
737
398
381
245
228
166
703
67
103
114
712
598
568
434
424
737
398
381
245
228
166
703
67
103
114
712
598
568
434
424
737
398
381
245
228
166
703
67
103
114
712
598
568
434
424
737
398
381
245
228
166
703
67
103
114
712
598
568
434
424
737
398
381
245
228
166
703
67
103
114
712
598
568
434
424
737
398
381
245
228
166
703
67
103
114
712
598
568
434
424
737
398
381
245
228
166
703
67
103
114
712
598
568
434
424
737
398
381
245
228
166
703
67
103
114
712
598
568
434
424
737
398
381
245
228
166
703
67
103
114
712
598
568
434
424
737
398
381
245
228
166
703
67
103
114
712
598
568
434
424
737
398
381
245
228
166
703
67
103
114
712
598
568
434
424
737
398
381
245
228
166
703
67
103
114
712
598
568
434
424
737
398
381
245
228
166
703
67
103
114
712
598
568
434
424
737
398
381
245
228
166
703
67
103
114
712
598
568
434
424
737
398
381
245
228
166
703
67
103
114
712
598
568
434
424
737
398
381
245
228
166
703
67
103
114
712
598
568
434
424
737
398
381
245
228
166
703
67
103
114
712
598
568
434
424
737
398
381
245
228
166
703
67
103
114
712
598
568
434
424
737
398
381
245
228
166
703
67
103
114
712
598
568
434
424
737
398
381
245
228
166
703
67
103
114
712
598
568
434
424
737
398
381
245
228
166
703
67
103
114
712
598
568
434
424
737
398
381
245
228
166
703
67
103
114
712
598
568
434
424
737
398
381
245
228
166
703
67
103
114
712
598
568
434
424
737
398
381
245
228
166
703
67
103
114
712
598
568
434
424
737
398
381
245
228
166
703
67
103
114
712
598
568
434
424
737
398
381
245
228
166
703
67
103
114
712
598
568
434
424
737
398
381
245
228
166
703
67
103
114
712
598
568
434
424
737
398
381
245
228
166
703
67
103
114
712
598
568
434
424
737
398
381
245
228
166
703
67
103
114
712
598
568
434
424
737
398
381
245
228
166
703
67
103
114
712
598
568
434
424
737
398
381
245
228
166
703
67
103
114
712
598
568
434
424
737
398
381
245
228
166
703
67
103
114
712
598
568
434
424
737
398
381
245
228
166
703
67
103
114
712
598
568
434
424
737
398
381
245
228
166
703
67
103
114
712
598
568
434
424
737
398
381
245
228
166
703
67
103
114
712
598
568
434
424
737
398
381
245
228
166
703
67
103
114
712
598
568
434
424
737
398
381
245
228
166
703
67
103
114
712
598
568
434
424
737
398
381
245
228
166
703
67
103
114
712
598
568
434
424
737
398
381
245
228
166
703
67
103
114
712
598
568
434
424
737
398
381
245
228
166
703
67
103
114
712
598
568
434
424
737
398
381
245
228
166
703
67
103
114
712
598
568
434
424
737
398
381
245
228
166
703
67
103
114
712
598
568
434
424
737
398
381
245
228
166
703
67
103
114
712
598
568
434
424
737
398
381
245
228
166
703
67
103
114
712
598
568
434
424
737
398
381
245
228
166
703
67
103
114
712
598
568
434
424
737
398
381
245
228
166
703
67
103
114
712
598
568
434
424
737
398
381
245
228
166
703
67
103
114
712
598
568
434
424
737
398
381
245
228
166
703
67
103
114
712
598
568
434
424
737
398
381
245
228
166
703
67
103
114
712
598
568
434
424
737
398
381
245
228
166
703
67
