1106
750
870
838
203
435
697
692
4
133
703
773
383
685
33
83
962
394
220
243
817
667
511
546
1058
768
515
138
665
171
852
465
264
102
1014
65
526
664
1081
699
256
398
858
233
870
18
31
623
675
550
855
554
1073
9
1110
528
767
134
1035
712
497
1039
102
1035
1029
182
966
938
592
939
954
924
750
389
537
170
192
860
181
727
865
632
296
318
85
101
273
549
1104
291
892
614
537
705
663
1123
819
560
307
880
776
448
789
894
403
873
828
924
99
631
907
346
958
1008
730
669
930
440
58
1031
916
173
119
572
741
753
539
653
141
320
406
647
715
331
149
944
211
124
695
998
889
570
338
93
330
161
1042
379
99
38
383
136
987
320
635
465
818
394
786
718
157
517
796
22
573
198
188
228
695
163
268
800
168
233
558
285
602
310
760
844
790
12
310
1000
340
552
953
279
1028
27
343
696
1038
556
896
467
93
883
848
422
482
289
850
589
942
861
154
430
999
972
224
279
1125
219
627
761
216
775
771
448
625
454
170
1092
1119
673
714
214
677
339
699
986
258
463
225
747
1031
971
614
965
847
200
233
322
277
356
488
661
1045
114
936
1028
713
702
177
384
463
71
829
776
591
360
1068
1034
163
1037
670
374
49
164
264
357
437
193
168
340
260
1125
1001
784
185
703
38
376
447
1112
474
98
645
927
238
824
549
558
908
526
870
1063
1081
664
1092
710
995
906
261
688
1010
1098
389
1001
255
927
777
1078
1031
498
1040
1
758
1049
401
1065
938
175
359
336
980
381
343
771
493
628
747
424
892
713
1088
562
949
223
66
521
1035
597
598
415
70
164
759
414
1022
914
907
894
1107
837
288
333
349
302
905
1010
965
39
756
1101
1061
828
215
165
611
930
415
1112
136
962
311
258
319
349
162
346
929
910
582
383
58
593
587
275
1099
643
639
350
129
232
605
637
943
565
1059
49
167
152
820
1073
543
653
892
992
1086
407
697
872
797
191
800
1007
108
947
610
1000
78
660
299
486
9
587
169
348
940
724
329
1072
431
325
609
211
30
996
679
103
133
278
2
688
1008
798
687
1093
181
1087
284
51
520
233
475
1018
699
793
21
931
1009
672
833
604
997
161
46
898
1064
1103
820
1020
274
582
80
102
342
877
1096
1103
205
553
111
864
624
986
962
498
1033
1025
469
230
524
1031
349
415
905
146
453
682
891
556
951
239
832
647
26
568
443
531
104
463
109
488
780
656
637
1006
953
1012
547
211
884
201
963
623
519
672
116
896
916
417
683
439
143
786
636
727
24
393
89
184
380
534
692
962
1044
933
334
1075
965
472
897
970
226
670
127
77
480
696
1035
819
585
1055
768
1092
244
285
102
294
81
216
553
735
105
569
744
844
996
871
164
568
937
119
1003
869
1037
720
452
481
347
12
553
360
195
1050
387
841
20
446
612
42
913
733
55
283
265
451
301
817
48
826
757
1084
872
55
714
900
112
89
727
593
699
975
1082
1012
821
1045
830
595
439
817
226
380
135
991
397
370
1054
241
64
219
472
24
229
42
333
433
440
681
513
1080
629
713
1063
346
693
602
575
219
642
743
670
332
869
622
900
697
287
854
669
429
126
285
1083
59
714
996
809
202
215
504
605
682
1065
475
113
191
878
1057
20
806
478
724
785
251
182
247
103
613
829
760
260
981
1086
359
1106
1004
571
174
744
1013
745
179
533
972
626
398
598
672
310
671
287
785
622
295
1123
423
451
366
175
1063
431
206
392
1002
832
742
223
597
92
923
144
630
586
782
325
743
