0
576
574
567
561
457
438
423
42
405
298
281
253
200
193
14
406
241
223
216
0
576
574
567
561
457
438
423
42
405
298
281
253
200
193
14
406
241
223
216
0
576
574
567
561
457
438
423
42
405
298
281
253
200
193
14
406
241
223
216
0
576
574
567
561
457
438
423
42
405
298
281
253
200
193
14
406
241
223
216
0
576
574
567
561
457
438
423
42
405
298
281
253
200
193
14
406
241
223
216
0
576
574
567
561
457
438
423
42
405
298
281
253
200
193
14
406
241
223
216
0
576
574
567
561
457
438
423
42
405
298
281
253
200
193
14
406
241
223
216
0
576
574
567
561
457
438
423
42
405
298
281
253
200
193
14
406
241
223
216
0
576
574
567
561
457
438
423
42
405
298
281
253
200
193
14
406
241
223
216
0
576
574
567
561
457
438
423
42
405
298
281
253
200
193
14
406
241
223
216
0
576
574
567
561
457
438
423
42
405
298
281
253
200
193
14
406
241
223
216
0
576
574
567
561
457
438
423
42
405
298
281
253
200
193
14
406
241
223
216
0
576
574
567
561
457
438
423
42
405
298
281
253
200
193
14
406
241
223
216
0
576
574
567
561
457
438
423
42
405
298
281
253
200
193
14
406
241
223
216
0
576
574
567
561
457
438
423
42
405
298
281
253
200
193
14
406
241
223
216
0
576
574
567
561
457
438
423
42
405
298
281
253
200
193
14
406
241
223
216
0
576
574
567
561
457
438
423
42
405
298
281
253
200
193
14
406
241
223
216
0
576
574
567
561
457
438
423
42
405
298
281
253
200
193
14
406
241
223
216
0
576
574
567
561
457
438
423
42
405
298
281
253
200
193
14
406
241
223
216
0
576
574
567
561
457
438
423
42
405
298
281
253
200
193
14
406
241
223
216
0
576
574
567
561
457
438
423
42
405
298
281
253
200
193
14
406
241
223
216
0
576
574
567
561
457
438
423
42
405
298
281
253
200
193
14
406
241
223
216
0
576
574
567
561
457
438
423
42
405
298
281
253
200
193
14
406
241
223
216
0
576
574
567
561
457
438
423
42
405
298
281
253
200
193
14
406
241
223
216
0
576
574
567
561
457
438
423
42
405
298
281
253
200
193
14
406
241
223
216
0
576
574
567
561
457
438
423
42
405
298
281
253
200
193
14
406
241
223
216
0
576
574
567
561
457
438
423
42
405
298
281
253
200
193
14
406
241
223
216
0
576
574
567
561
457
438
423
42
405
298
281
253
200
193
14
406
241
223
216
0
576
574
567
561
457
438
423
42
405
298
281
253
200
193
14
406
241
223
216
0
576
574
567
561
457
438
423
42
405
298
281
253
200
193
14
406
241
223
216
0
576
574
567
561
457
438
423
42
405
298
281
253
200
193
14
406
241
223
216
0
576
574
567
561
457
438
423
42
405
298
281
253
200
193
14
406
241
223
216
0
576
574
567
561
457
438
423
42
405
298
281
253
200
193
14
406
241
223
216
0
576
574
567
561
457
438
423
42
405
298
281
253
200
193
14
406
241
223
216
0
576
574
567
561
457
438
423
42
405
298
281
253
200
193
14
406
241
223
216
0
576
574
567
561
457
438
423
42
405
298
281
253
200
193
14
406
241
223
216
0
576
574
567
561
457
438
423
42
405
298
281
253
200
193
14
406
241
223
216
0
576
574
567
561
457
438
423
42
405
298
281
253
200
193
14
406
241
223
216
0
576
574
567
561
457
438
423
42
405
298
281
253
200
193
14
406
241
223
216
0
576
574
567
561
457
438
423
42
405
298
281
253
200
193
14
406
241
223
216
0
576
574
567
561
457
438
423
42
405
298
281
253
200
193
14
406
241
223
216
0
576
574
567
561
457
438
423
42
405
298
281
253
200
193
14
406
241
223
216
0
576
574
567
561
457
438
423
42
405
298
281
253
200
193
14
406
241
223
216
0
576
574
567
561
457
438
423
42
405
298
281
253
200
193
14
406
241
223
216
0
576
574
567
561
457
438
423
42
405
298
281
253
200
193
14
406
241
223
216
0
576
574
567
561
457
438
423
42
405
298
281
253
200
193
14
406
241
223
216
0
576
574
567
561
457
438
423
42
405
298
281
253
200
193
14
406
241
223
216
0
576
574
567
561
457
438
423
42
405
298
281
253
200
193
14
406
241
223
216
0
576
574
567
561
457
438
423
42
405
298
281
253
200
193
14
406
241
223
216
0
576
574
567
561
457
438
423
42
405
298
281
253
200
193
14
406
241
223
216
