6
7
5
2
4
3
1
70
907
20
327
2325
945
164
338
129
885
973
80
68
6
7
5
2
4
3
1
70
907
20
327
2325
945
164
338
129
885
973
80
68
6
7
5
2
4
3
1
70
907
20
327
2325
945
164
338
129
885
973
80
68
6
7
5
2
4
3
1
70
907
20
327
2325
945
164
338
129
885
973
80
68
6
7
5
2
4
3
1
70
907
20
327
2325
945
164
338
129
885
973
80
68
6
7
5
2
4
3
1
70
907
20
327
2325
945
164
338
129
885
973
80
68
6
7
5
2
4
3
1
70
907
20
327
2325
945
164
338
129
885
973
80
68
6
7
5
2
4
3
1
70
907
20
327
2325
945
164
338
129
885
973
80
68
6
7
5
2
4
3
1
70
907
20
327
2325
945
164
338
129
885
973
80
68
6
7
5
2
4
3
1
70
907
20
327
2325
945
164
338
129
885
973
80
68
6
7
5
2
4
3
1
70
907
20
327
2325
945
164
338
129
885
973
80
68
6
7
5
2
4
3
1
70
907
20
327
2325
945
164
338
129
885
973
80
68
6
7
5
2
4
3
1
70
907
20
327
2325
945
164
338
129
885
973
80
68
6
7
5
2
4
3
1
70
907
20
327
2325
945
164
338
129
885
973
80
68
6
7
5
2
4
3
1
70
907
20
327
2325
945
164
338
129
885
973
80
68
6
7
5
2
4
3
1
70
907
20
327
2325
945
164
338
129
885
973
80
68
6
7
5
2
4
3
1
70
907
20
327
2325
945
164
338
129
885
973
80
68
6
7
5
2
4
3
1
70
907
20
327
2325
945
164
338
129
885
973
80
68
6
7
5
2
4
3
1
70
907
20
327
2325
945
164
338
129
885
973
80
68
6
7
5
2
4
3
1
70
907
20
327
2325
945
164
338
129
885
973
80
68
6
7
5
2
4
3
1
70
907
20
327
2325
945
164
338
129
885
973
80
68
6
7
5
2
4
3
1
70
907
20
327
2325
945
164
338
129
885
973
80
68
6
7
5
2
4
3
1
70
907
20
327
2325
945
164
338
129
885
973
80
68
6
7
5
2
4
3
1
70
907
20
327
2325
945
164
338
129
885
973
80
68
6
7
5
2
4
3
1
70
907
20
327
2325
945
164
338
129
885
973
80
68
6
7
5
2
4
3
1
70
907
20
327
2325
945
164
338
129
885
973
80
68
6
7
5
2
4
3
1
70
907
20
327
2325
945
164
338
129
885
973
80
68
6
7
5
2
4
3
1
70
907
20
327
2325
945
164
338
129
885
973
80
68
6
7
5
2
4
3
1
70
907
20
327
2325
945
164
338
129
885
973
80
68
6
7
5
2
4
3
1
70
907
20
327
2325
945
164
338
129
885
973
80
68
6
7
5
2
4
3
1
70
907
20
327
2325
945
164
338
129
885
973
80
68
6
7
5
2
4
3
1
70
907
20
327
2325
945
164
338
129
885
973
80
68
6
7
5
2
4
3
1
70
907
20
327
2325
945
164
338
129
885
973
80
68
6
7
5
2
4
3
1
70
907
20
327
2325
945
164
338
129
885
973
80
68
6
7
5
2
4
3
1
70
907
20
327
2325
945
164
338
129
885
973
80
68
6
7
5
2
4
3
1
70
907
20
327
2325
945
164
338
129
885
973
80
68
6
7
5
2
4
3
1
70
907
20
327
2325
945
164
338
129
885
973
80
68
6
7
5
2
4
3
1
70
907
20
327
2325
945
164
338
129
885
973
80
68
6
7
5
2
4
3
1
70
907
20
327
2325
945
164
338
129
885
973
80
68
6
7
5
2
4
3
1
70
907
20
327
2325
945
164
338
129
885
973
80
68
6
7
5
2
4
3
1
70
907
20
327
2325
945
164
338
129
885
973
80
68
6
7
5
2
4
3
1
70
907
20
327
2325
945
164
338
129
885
973
80
68
6
7
5
2
4
3
1
70
907
20
327
2325
945
164
338
129
885
973
80
68
6
7
5
2
4
3
1
70
907
20
327
2325
945
164
338
129
885
973
80
68
6
7
5
2
4
3
1
70
907
20
327
2325
945
164
338
129
885
973
80
68
6
7
5
2
4
3
1
70
907
20
327
2325
945
164
338
129
885
973
80
68
6
7
5
2
4
3
1
70
907
20
327
2325
945
164
338
129
885
973
80
68
6
7
5
2
4
3
1
70
907
20
327
2325
945
164
338
129
885
973
80
68
6
7
5
2
4
3
1
70
907
20
327
2325
945
164
338
129
885
973
80
68
6
7
5
2
4
3
1
70
907
20
327
2325
945
164
338
129
885
973
80
68
