6
44
101
11
729
393
20
78
10
403
106
198
68
890
16
392
130
14
294
396
6
44
101
11
729
393
20
78
10
403
106
198
68
890
16
392
130
14
294
396
6
44
101
11
729
393
20
78
10
403
106
198
68
890
16
392
130
14
294
396
6
44
101
11
729
393
20
78
10
403
106
198
68
890
16
392
130
14
294
396
6
44
101
11
729
393
20
78
10
403
106
198
68
890
16
392
130
14
294
396
6
44
101
11
729
393
20
78
10
403
106
198
68
890
16
392
130
14
294
396
6
44
101
11
729
393
20
78
10
403
106
198
68
890
16
392
130
14
294
396
6
44
101
11
729
393
20
78
10
403
106
198
68
890
16
392
130
14
294
396
6
44
101
11
729
393
20
78
10
403
106
198
68
890
16
392
130
14
294
396
6
44
101
11
729
393
20
78
10
403
106
198
68
890
16
392
130
14
294
396
6
44
101
11
729
393
20
78
10
403
106
198
68
890
16
392
130
14
294
396
6
44
101
11
729
393
20
78
10
403
106
198
68
890
16
392
130
14
294
396
6
44
101
11
729
393
20
78
10
403
106
198
68
890
16
392
130
14
294
396
6
44
101
11
729
393
20
78
10
403
106
198
68
890
16
392
130
14
294
396
6
44
101
11
729
393
20
78
10
403
106
198
68
890
16
392
130
14
294
396
6
44
101
11
729
393
20
78
10
403
106
198
68
890
16
392
130
14
294
396
6
44
101
11
729
393
20
78
10
403
106
198
68
890
16
392
130
14
294
396
6
44
101
11
729
393
20
78
10
403
106
198
68
890
16
392
130
14
294
396
6
44
101
11
729
393
20
78
10
403
106
198
68
890
16
392
130
14
294
396
6
44
101
11
729
393
20
78
10
403
106
198
68
890
16
392
130
14
294
396
6
44
101
11
729
393
20
78
10
403
106
198
68
890
16
392
130
14
294
396
6
44
101
11
729
393
20
78
10
403
106
198
68
890
16
392
130
14
294
396
6
44
101
11
729
393
20
78
10
403
106
198
68
890
16
392
130
14
294
396
6
44
101
11
729
393
20
78
10
403
106
198
68
890
16
392
130
14
294
396
6
44
101
11
729
393
20
78
10
403
106
198
68
890
16
392
130
14
294
396
6
44
101
11
729
393
20
78
10
403
106
198
68
890
16
392
130
14
294
396
6
44
101
11
729
393
20
78
10
403
106
198
68
890
16
392
130
14
294
396
6
44
101
11
729
393
20
78
10
403
106
198
68
890
16
392
130
14
294
396
6
44
101
11
729
393
20
78
10
403
106
198
68
890
16
392
130
14
294
396
6
44
101
11
729
393
20
78
10
403
106
198
68
890
16
392
130
14
294
396
6
44
101
11
729
393
20
78
10
403
106
198
68
890
16
392
130
14
294
396
6
44
101
11
729
393
20
78
10
403
106
198
68
890
16
392
130
14
294
396
6
44
101
11
729
393
20
78
10
403
106
198
68
890
16
392
130
14
294
396
6
44
101
11
729
393
20
78
10
403
106
198
68
890
16
392
130
14
294
396
6
44
101
11
729
393
20
78
10
403
106
198
68
890
16
392
130
14
294
396
6
44
101
11
729
393
20
78
10
403
106
198
68
890
16
392
130
14
294
396
6
44
101
11
729
393
20
78
10
403
106
198
68
890
16
392
130
14
294
396
6
44
101
11
729
393
20
78
10
403
106
198
68
890
16
392
130
14
294
396
6
44
101
11
729
393
20
78
10
403
106
198
68
890
16
392
130
14
294
396
6
44
101
11
729
393
20
78
10
403
106
198
68
890
16
392
130
14
294
396
6
44
101
11
729
393
20
78
10
403
106
198
68
890
16
392
130
14
294
396
6
44
101
11
729
393
20
78
10
403
106
198
68
890
16
392
130
14
294
396
6
44
101
11
729
393
20
78
10
403
106
198
68
890
16
392
130
14
294
396
6
44
101
11
729
393
20
78
10
403
106
198
68
890
16
392
130
14
294
396
6
44
101
11
729
393
20
78
10
403
106
198
68
890
16
392
130
14
294
396
6
44
101
11
729
393
20
78
10
403
106
198
68
890
16
392
130
14
294
396
6
44
101
11
729
393
20
78
10
403
106
198
68
890
16
392
130
14
294
396
6
44
101
11
729
393
20
78
10
403
106
198
68
890
16
392
130
14
294
396
6
44
101
11
729
393
20
78
10
403
106
198
68
890
16
392
130
14
294
396
6
44
101
11
729
393
20
78
10
403
106
198
68
890
16
392
130
14
294
396
