0
406
318
97
65
5
241
223
216
576
574
567
561
538
491
457
438
423
42
405
298
281
253
200
193
0
406
318
97
65
5
241
223
216
576
574
567
561
538
491
457
438
423
42
405
298
281
253
200
193
0
406
318
97
65
5
241
223
216
576
574
567
561
538
491
457
438
423
42
405
298
281
253
200
193
0
406
318
97
65
5
241
223
216
576
574
567
561
538
491
457
438
423
42
405
298
281
253
200
193
0
406
318
97
65
5
241
223
216
576
574
567
561
538
491
457
438
423
42
405
298
281
253
200
193
0
406
318
97
65
5
241
223
216
576
574
567
561
538
491
457
438
423
42
405
298
281
253
200
193
0
406
318
97
65
5
241
223
216
576
574
567
561
538
491
457
438
423
42
405
298
281
253
200
193
0
406
318
97
65
5
241
223
216
576
574
567
561
538
491
457
438
423
42
405
298
281
253
200
193
0
406
318
97
65
5
241
223
216
576
574
567
561
538
491
457
438
423
42
405
298
281
253
200
193
0
406
318
97
65
5
241
223
216
576
574
567
561
538
491
457
438
423
42
405
298
281
253
200
193
0
406
318
97
65
5
241
223
216
576
574
567
561
538
491
457
438
423
42
405
298
281
253
200
193
0
406
318
97
65
5
241
223
216
576
574
567
561
538
491
457
438
423
42
405
298
281
253
200
193
0
406
318
97
65
5
241
223
216
576
574
567
561
538
491
457
438
423
42
405
298
281
253
200
193
0
406
318
97
65
5
241
223
216
576
574
567
561
538
491
457
438
423
42
405
298
281
253
200
193
0
406
318
97
65
5
241
223
216
576
574
567
561
538
491
457
438
423
42
405
298
281
253
200
193
0
406
318
97
65
5
241
223
216
576
574
567
561
538
491
457
438
423
42
405
298
281
253
200
193
0
406
318
97
65
5
241
223
216
576
574
567
561
538
491
457
438
423
42
405
298
281
253
200
193
0
406
318
97
65
5
241
223
216
576
574
567
561
538
491
457
438
423
42
405
298
281
253
200
193
0
406
318
97
65
5
241
223
216
576
574
567
561
538
491
457
438
423
42
405
298
281
253
200
193
0
406
318
97
65
5
241
223
216
576
574
567
561
538
491
457
438
423
42
405
298
281
253
200
193
0
406
318
97
65
5
241
223
216
576
574
567
561
538
491
457
438
423
42
405
298
281
253
200
193
0
406
318
97
65
5
241
223
216
576
574
567
561
538
491
457
438
423
42
405
298
281
253
200
193
0
406
318
97
65
5
241
223
216
576
574
567
561
538
491
457
438
423
42
405
298
281
253
200
193
0
406
318
97
65
5
241
223
216
576
574
567
561
538
491
457
438
423
42
405
298
281
253
200
193
0
406
318
97
65
5
241
223
216
576
574
567
561
538
491
457
438
423
42
405
298
281
253
200
193
0
406
318
97
65
5
241
223
216
576
574
567
561
538
491
457
438
423
42
405
298
281
253
200
193
0
406
318
97
65
5
241
223
216
576
574
567
561
538
491
457
438
423
42
405
298
281
253
200
193
0
406
318
97
65
5
241
223
216
576
574
567
561
538
491
457
438
423
42
405
298
281
253
200
193
0
406
318
97
65
5
241
223
216
576
574
567
561
538
491
457
438
423
42
405
298
281
253
200
193
0
406
318
97
65
5
241
223
216
576
574
567
561
538
491
457
438
423
42
405
298
281
253
200
193
0
406
318
97
65
5
241
223
216
576
574
567
561
538
491
457
438
423
42
405
298
281
253
200
193
0
406
318
97
65
5
241
223
216
576
574
567
561
538
491
457
438
423
42
405
298
281
253
200
193
0
406
318
97
65
5
241
223
216
576
574
567
561
538
491
457
438
423
42
405
298
281
253
200
193
0
406
318
97
65
5
241
223
216
576
574
567
561
538
491
457
438
423
42
405
298
281
253
200
193
0
406
318
97
65
5
241
223
216
576
574
567
561
538
491
457
438
423
42
405
298
281
253
200
193
0
406
318
97
65
5
241
223
216
576
574
567
561
538
491
457
438
423
42
405
298
281
253
200
193
0
406
318
97
65
5
241
223
216
576
574
567
561
538
491
457
438
423
42
405
298
281
253
200
193
0
406
318
97
65
5
241
223
216
576
574
567
561
538
491
457
438
423
42
405
298
281
253
200
193
0
406
318
97
65
5
241
223
216
576
574
567
561
538
491
457
438
423
42
405
298
281
253
200
193
0
406
318
97
65
5
241
223
216
576
574
567
561
538
491
457
438
423
42
405
298
281
253
200
193
0
406
318
97
65
5
241
223
216
576
574
567
561
538
491
457
438
423
42
405
298
281
253
200
193
0
406
318
97
65
5
241
223
216
576
574
567
561
538
491
457
438
423
42
405
298
281
253
200
193
0
406
318
97
65
5
241
223
216
576
574
567
561
538
491
457
438
423
42
405
298
281
253
200
193
0
406
318
97
65
5
241
223
216
576
574
567
561
538
491
457
438
423
42
405
298
281
253
200
193
0
406
318
97
65
5
241
223
216
576
574
567
561
538
491
457
438
423
42
405
298
281
253
200
193
0
406
318
97
65
5
241
223
216
576
574
567
561
538
491
457
438
423
42
405
298
281
253
200
193
0
406
318
97
65
5
241
223
216
576
574
567
561
538
491
457
438
423
42
405
298
281
253
200
193
0
406
318
97
65
5
241
223
216
576
574
567
561
538
491
457
438
423
42
405
298
281
253
200
193
0
406
318
97
65
5
241
223
216
576
574
567
561
538
491
457
438
423
42
405
298
281
253
200
193
0
406
318
97
65
5
241
223
216
576
574
567
561
538
491
457
438
423
42
405
298
281
253
200
193
