1146
673
1866
997
1935
955
558
669
1392
388
1783
1417
805
480
1376
996
1186
283
1907
98
1684
1890
1232
1881
1393
106
1703
1999
206
1536
1859
781
322
732
509
641
731
566
1677
460
564
1505
1281
1625
242
279
65
251
118
1540
1228
722
686
1859
1950
126
468
1945
668
1020
1029
1549
86
405
981
487
1663
790
1282
28
999
143
115
531
1645
38
1710
138
1864
1399
1797
1202
636
948
320
1363
1484
1511
1172
1113
1775
1019
781
1273
145
1976
1009
1295
1469
1583
1861
416
129
153
1261
436
65
1976
1705
887
781
1987
938
528
1429
381
1202
1640
821
586
1554
1028
1710
1602
1183
423
687
749
1925
1651
1302
505
654
712
1403
513
290
1816
297
606
1884
721
22
1293
1295
1220
348
1834
1581
1394
1773
732
841
1721
1995
1509
68
1859
1723
749
1190
1708
121
70
1660
1365
540
339
105
1810
114
1321
1620
221
219
1141
1653
198
1180
345
1015
0
286
453
1652
1310
1357
1804
1631
652
1426
548
1427
1039
1079
113
1914
1294
1144
1529
1748
1749
32
1204
172
128
1059
1129
904
360
1437
1038
1537
463
1300
1637
529
138
895
347
1436
1341
1496
354
20
1653
1467
1615
93
1454
1452
1242
745
1945
115
470
1865
18
483
1592
690
341
338
497
611
600
1704
1880
1576
1651
1512
1705
533
1641
1576
1644
342
648
1465
488
985
562
1360
1587
191
1428
851
977
1033
450
844
713
1915
1539
1145
1337
1221
1330
52
126
1966
1608
939
1832
1065
1515
1178
75
133
642
900
134
917
1175
1713
1841
476
1192
507
808
876
1754
1783
745
953
211
172
838
964
712
700
315
1112
265
1630
204
247
1027
1656
1718
992
652
933
588
533
1773
821
1295
1739
101
311
147
1224
1033
535
1883
1498
1051
926
799
243
476
225
1639
1835
351
432
1128
315
1725
1187
1144
217
1253
1878
952
1290
902
1516
1348
1171
82
528
1666
1231
1768
859
319
1725
1262
669
1891
96
1331
99
975
1304
1022
1068
1219
455
1823
1541
851
1660
253
1955
1032
1496
1099
1164
779
504
1675
609
960
1163
1341
1865
1870
46
1894
1575
1672
1374
644
306
76
1594
1041
945
81
1189
1344
1774
72
1544
646
1481
1084
1642
843
210
562
1912
1167
1080
66
985
1840
802
177
1733
1696
1900
305
1000
1222
423
265
550
571
784
169
1469
1995
1709
136
2
1019
1941
1649
1383
139
582
438
1909
1968
435
647
1916
1671
1996
1196
1106
628
119
339
938
1533
1984
1344
150
686
1071
400
1861
825
1515
1048
1247
234
1036
787
784
1625
614
1462
1630
16
1219
1412
1653
923
1631
1710
1778
413
1013
555
306
1571
1123
1180
708
1820
951
1590
87
160
555
1097
1500
1955
782
1515
4
338
1071
1810
1292
745
918
1435
1997
1541
681
1535
1094
1942
1768
609
767
472
743
1442
1698
845
684
18
620
1351
1825
254
99
864
111
1431
1776
1538
1639
1922
1841
112
990
182
59
502
714
836
1812
388
1859
1763
1093
345
1414
384
1525
313
1479
1315
747
838
661
1071
1774
1748
1518
1486
70
696
988
785
1118
355
141
1914
1674
1541
1429
168
1678
727
1695
1389
1550
1966
1450
1823
1234
1555
926
538
289
1093
42
1635
1031
1518
540
516
1934
1758
524
1749
528
99
991
309
840
328
1602
580
1091
534
1720
1224
337
556
1199
906
261
41
1038
1643
738
1892
1557
1012
1597
427
1353
1677
1516
1442
1630
1620
269
745
1549
781
36
1305
998
211
690
1854
476
1155
362
343
122
522
1671
1107
375
1847
701
383
940
261
617
1207
782
1261
1061
643
364
563
262
1944
1690
1626
330
657
1295
1860
792
1589
254
81
1294
1630
547
247
1727
1133
1168
1639
179
249
335
1029
917
892
82
1277
485
343
1792
200
722
719
1837
1592
500
1491
1369
1576
1614
761
113
1223
141
1049
1763
902
612
1705
139
221
1379
1015
931
1723
1949
1696
1860
421
392
1210
1239
46
1075
1812
1917
731
1816
1839
1023
1408
752
1702
750
1520
957
1655
1406
588
922
1795
890
1481
927
1170
1549
1048
12
93
1246
598
1335
955
1840
51
420
1904
318
1245
1623
517
1585
1251
873
955
316
1562
244
1
1531
768
1938
1198
470
276
1212
1143
1022
1398
1746
636
1577
1428
1056
1040
1502
380
1072
1521
811
1652
473
1333
1351
1610
890
678
289
183
135
233
240
1981
1312
539
1685
1424
1070
1179
178
675
1697
864
336
187
893
1125
1
1175
1849
1390
1457
1155
1570
332
281
672
1381
966
1428
345
255
1426
359
1221
681
735
758
953
574
1542
1261
994
1349
1845
598
1121
683
930
396
918
112
1384
698
1443
445
1327
1416
44
1236
1661
382
565
56
19
1270
1266
366
1515
51
27
337
1097
1676
596
1872
1273
1175
496
503
351
730
600
1521
1327
317
537
1903
973
982
1842
866
521
129
1540
80
1256
687
1961
502
1058
1565
493
1812
1073
446
1338
1813
73
1108
1718
1013
752
1603
1672
1742
587
263
1458
1305
460
488
1621
1493
492
1583
505
563
281
1896
590
1931
1311
101
171
1131
292
1669
1191
1638
1939
1943
712
264
1357
1314
657
97
1619
1583
22
1986
843
1769
1198
12
1481
1905
991
828
714
52
41
1622
1314
1944
1178
437
1476
1356
1327
1922
1841
1962
43
1306
387
89
1699
1477
206
152
83
1793
1470
994
266
260
1265
1649
1565
132
1387
1462
1541
1174
1999
1115
1099
985
593
623
766
351
1386
876
289
1712
857
1247
653
1328
1521
1061
1760
917
1909
1484
986
1936
979
389
819
941
1649
840
852
1049
639
70
1222
922
311
1331
181
1543
1801
1448
1530
1027
303
710
1120
964
1514
273
754
24
666
879
1111
455
1374
347
1542
1728
628
1103
1089
1430
1974
37
1097
1514
26
1968
1951
1731
1031
1208
1752
818
764
1746
1997
1639
755
1833
99
1235
783
213
1184
1682
573
1290
1079
161
1368
207
236
171
1162
548
1961
463
1775
1263
859
528
1332
1178
1550
1797
519
1761
1371
1945
1632
1976
1742
570
1751
1445
315
475
1920
792
1235
1381
1447
1566
1100
1973
1764
1278
598
460
1141
1443
411
1474
470
494
1462
1687
917
583
673
106
768
1114
1464
580
1714
1323
1577
327
1069
424
752
1408
975
388
1339
1412
172
552
361
725
397
141
691
593
1684
1515
996
1901
29
80
37
1366
1855
190
1880
398
1791
1797
1826
652
269
956
919
1251
1393
1219
937
745
755
463
1607
932
1339
1840
493
619
1991
1709
387
1082
1920
149
1266
895
1363
806
1249
1552
717
17
232
67
1016
690
639
541
1328
1999
1332
1799
1870
1613
1148
1197
1680
574
1769
532
1228
