1249
1417
304
1072
1940
238
657
1747
18
1182
320
212
1839
1266
337
704
1628
1822
1928
634
226
1343
1307
571
1971
1029
723
1800
1845
671
728
1915
374
1860
1311
321
1010
102
1947
1296
1900
1608
540
310
1897
564
1593
1967
250
1262
168
720
1724
792
130
672
1604
821
1647
1322
1822
66
1134
1982
247
1141
1702
1872
920
661
1041
576
965
1219
1274
29
1371
966
1573
1238
299
1297
1462
1518
302
1229
1749
1202
59
615
444
1231
1984
1947
1499
684
1370
978
1260
790
1907
1176
457
1636
1813
1820
1590
1462
1298
1517
451
169
774
1686
1118
1317
69
974
1864
1966
364
1491
313
1689
1746
1317
736
342
1252
1475
1883
1518
714
1804
1703
1310
906
335
1619
1215
138
1226
677
581
1629
1235
55
535
632
1365
996
1388
1327
236
585
884
88
1785
61
1802
557
283
1917
397
1886
667
1475
933
1753
13
1457
1496
1129
254
1013
12
699
579
696
1587
910
1551
974
852
1810
77
132
304
840
882
1781
1312
890
520
1146
1372
511
1192
1748
590
497
1167
1920
499
1045
1059
1476
850
86
34
1600
193
833
694
242
1628
1117
1062
1878
61
1090
702
410
1566
1349
426
800
599
826
201
140
1014
1105
504
1150
1320
496
1028
341
1173
1542
180
132
133
1165
768
901
719
1055
1078
630
598
1829
1975
687
1365
1453
1895
649
1343
99
28
891
1457
69
1949
783
1228
1926
779
856
527
1198
1584
1940
25
263
320
1506
569
1075
1515
371
182
1091
376
1902
1997
102
1278
612
1783
1241
1905
1848
1002
687
1309
1627
1847
1062
634
933
879
1105
42
540
1925
1395
1278
1484
1900
472
358
188
1665
1112
1021
474
1493
179
1110
1124
1992
1158
401
104
306
1644
1204
635
1592
777
981
985
724
1875
344
1865
1433
1621
92
1103
1596
299
1010
783
582
148
1964
1412
466
242
1295
1312
1714
1457
1674
4
717
174
818
506
1249
1264
32
548
352
345
30
703
1118
425
798
806
236
1545
921
1554
161
2
377
553
1475
234
715
1465
1241
1987
1796
944
408
28
1187
1756
814
1977
901
426
1000
1163
1146
300
1054
490
1667
153
1769
1071
397
869
1676
91
1865
1704
273
8
605
62
1110
1645
702
908
1886
295
710
670
241
1298
1666
1938
715
211
1281
1856
14
984
1081
1903
1349
245
1688
1059
811
1167
646
1598
70
793
1664
60
799
1060
1625
1650
1659
846
423
1689
1715
352
1010
1036
1522
1830
1161
440
1399
1872
1018
657
100
373
1145
644
243
1663
466
548
1833
399
1802
1964
782
1307
1835
145
1012
1777
165
1058
1108
943
42
1321
1485
1216
418
1418
455
1033
1681
172
129
254
359
1900
1069
209
1503
1521
1538
680
1795
1359
1863
1300
1682
520
1461
1431
1233
1533
1272
1702
1807
1854
1510
1909
20
825
1452
673
951
1960
1906
1759
704
1047
700
747
986
448
490
137
1110
1463
577
1315
1422
1200
980
1195
1013
1332
1460
1288
1128
1504
915
356
552
1465
1810
1928
82
906
108
1549
441
294
1626
1725
1593
1483
741
580
1425
715
992
980
1322
854
820
432
1003
1852
1397
95
47
480
384
1816
745
1720
538
1077
400
872
362
1758
977
324
1686
936
1929
546
632
1789
1503
1813
448
1986
1422
245
143
616
1608
1642
1063
588
1042
1232
689
20
442
1486
176
990
1309
940
1141
1648
1987
1767
1114
1561
1295
1051
877
713
48
1998
845
1062
1694
354
1092
433
782
573
391
447
173
673
504
926
471
1762
1555
6
73
640
1234
563
91
1660
925
1155
1153
1589
32
1056
1258
246
381
422
1619
472
1680
67
399
838
285
443
1956
1006
857
1496
1077
536
814
1891
617
1206
1115
1917
677
1157
890
1859
353
1032
1165
591
566
1039
561
407
1798
1268
7
115
408
1710
214
1340
549
1299
1949
827
616
403
1933
506
1591
811
492
491
474
1012
117
215
494
1334
982
762
867
108
1254
996
769
1218
1108
1646
361
955
633
1363
1695
344
1543
265
737
1269
584
1719
459
457
570
1928
1211
728
393
76
833
508
313
172
862
1901
1313
46
1534
985
1201
13
34
699
1951
1420
668
236
516
1454
416
1506
1322
1181
1642
561
1146
1573
974
384
1035
1966
1514
911
448
160
994
1269
1210
1428
1949
246
648
1807
1838
1847
519
1472
327
512
1456
1408
1855
1988
1618
799
142
912
1781
577
368
70
1724
935
1879
571
1543
1690
52
292
1973
1397
1846
1812
459
576
1399
1309
1971
85
129
825
955
570
313
1136
193
1573
517
1642
262
1480
950
291
1094
506
53
1903
255
1512
214
1784
498
804
534
1740
1589
107
1606
64
648
1050
96
1312
616
1454
1894
1598
565
1093
1654
1102
256
1347
816
1997
563
322
1355
924
628
1739
1376
1351
1086
1184
1678
130
942
285
613
564
949
1064
987
1675
29
1287
363
692
903
664
351
667
865
1993
1055
1671
228
1961
1980
1562
1959
1239
1090
958
550
1880
1028
1595
997
1352
1077
1852
1570
629
778
1464
1481
10
1586
420
416
417
3
1059
1465
1209
317
151
877
1045
280
98
491
881
249
1541
1312
1415
935
629
1539
1297
68
358
164
195
317
1143
1904
670
67
577
1342
686
1470
396
92
1009
1370
1573
912
709
220
1056
1933
1769
1922
1894
1631
1990
1208
285
1236
946
34
1681
1718
1504
1508
1674
244
1635
1693
1399
178
63
1843
930
1325
1333
361
936
1001
1690
784
1173
626
1128
1995
1897
1165
33
982
984
136
675
1098
266
348
701
1047
917
1096
1125
389
1224
1363
420
1689
1226
465
900
577
1767
3
1922
1903
827
385
348
1814
1128
1655
1789
1564
1036
593
278
376
1818
793
1989
932
1168
1524
820
446
1369
716
653
1056
1294
475
698
1700
891
1509
1275
1835
414
695
467
293
1837
707
1659
1581
355
91
1202
1220
1739
1667
388
1107
1500
1419
284
217
753
214
995
1283
1338
569
997
1803
1423
1931
1533
286
279
218
1879
1116
212
1658
824
511
850
1016
527
505
38
1319
597
819
1725
628
140
1502
1255
1978
509
283
1015
817
1144
424
497
1788
24
944
1277
47
1292
1584
142
844
866
418
1190
755
425
1765
1549
25
1120
1762
1880
820
836
1449
1589
1095
631
1904
1257
1249
520
736
1916
1370
1273
867
677
425
800
282
1458
917
211
668
1264
656
1549
16
179
1852
69
97
1649
354
597
598
517
1293
1054
96
1203
530
1172
778
1365
744
1586
801
498
1601
1208
3
181
1627
1698
896
1804
1910
1281
702
478
1421
344
1675
1274
1403
415
995
785
762
269
1942
756
560
323
1245
1144
1439
824
77
1651
1208
1163
1486
1554
168
1472
1701
911
1096
899
591
881
1381
678
1865
1563
93
393
533
1985
611
1796
1331
846
831
1863
1285
346
336
864
1820
1359
157
620
337
1764
1055
1605
1682
311
784
1993
1180
208
1994
1247
1490
161
145
690
344
1133
984
1889
1100
1723
1736
801
924
904
1843
1336
1967
1333
811
1272
1706
1274
63
1607
915
1000
464
1102
82
1932
312
1538
625
888
1166
449
1318
1031
418
18
1337
336
191
1520
686
1301
54
1576
1965
1089
735
495
1205
498
759
102
29
1093
1855
1046
751
348
1787
1197
1267
1523
932
1749
1827
1348
1957
1715
1237
920
1973
1511
857
1405
1033
137
157
1781
712
1699
48
456
1587
1585
875
1290
1415
1058
1327
1689
632
1612
1197
947
336
557
1985
144
1983
1946
1107
668
1370
949
1332
1217
112
315
475
1402
796
1041
1719
788
175
582
1104
1933
1002
725
1175
1135
1127
3
243
44
521
400
1263
1354
1743
121
1401
100
237
1646
977
1177
1228
588
1125
583
375
1426
216
1835
1606
364
872
1483
756
87
17
1108
880
228
188
1290
715
1956
340
349
1161
1879
958
664
1068
812
416
1485
97
359
28
381
759
1100
1691
1262
377
299
376
774
977
196
876
1616
1667
1682
717
1478
1782
1991
787
1740
1606
246
921
23
1184
631
959
1070
683
