109
5
45
130
60
79
15
114
130
68
92
65
37
63
23
15
56
112
77
62
83
23
46
6
123
93
80
36
83
99
0
86
100
126
34
20
1
73
45
74
9
87
38
26
95
128
86
103
123
93
63
68
27
17
13
13
117
24
118
94
66
116
24
23
53
36
14
72
74
81
11
48
9
76
36
5
125
89
64
56
12
6
8
60
17
31
45
38
35
33
9
17
62
18
126
89
122
24
22
21
18
30
23
70
38
30
62
34
21
57
7
77
80
90
129
13
48
33
51
110
20
46
29
85
42
76
103
5
94
88
30
76
12
116
96
55
77
109
91
103
69
55
14
34
67
28
31
127
98
30
21
70
122
52
8
34
85
70
73
32
6
5
58
56
119
9
116
91
127
39
22
128
74
38
111
7
117
5
113
111
66
33
25
21
78
98
68
22
100
81
29
117
103
108
50
14
27
21
83
105
113
66
14
118
130
72
130
61
23
2
72
80
95
100
18
40
130
106
91
2
9
50
80
28
48
129
95
101
30
36
73
96
93
63
19
99
82
39
63
104
89
124
54
110
126
71
92
63
100
77
