181
237
149
127
0
181
237
149
127
0
181
237
149
127
0
181
237
149
127
0
181
237
149
127
0
181
237
149
127
0
181
237
149
127
0
181
237
149
127
0
181
237
149
127
0
181
237
149
127
0
181
237
149
127
0
181
237
149
127
0
181
237
149
127
0
181
237
149
127
0
181
237
149
127
0
181
237
149
127
0
181
237
149
127
0
181
237
149
127
0
181
237
149
127
0
181
237
149
127
0
181
237
149
127
0
181
237
149
127
0
181
237
149
127
0
181
237
149
127
0
181
237
149
127
0
181
237
149
127
0
181
237
149
127
0
181
237
149
127
0
181
237
149
127
0
181
237
149
127
0
181
237
149
127
0
181
237
149
127
0
181
237
149
127
0
181
237
149
127
0
181
237
149
127
0
181
237
149
127
0
181
237
149
127
0
181
237
149
127
0
181
237
149
127
0
181
237
149
127
0
181
237
149
127
0
181
237
149
127
0
181
237
149
127
0
181
237
149
127
0
181
237
149
127
0
181
237
149
127
0
181
237
149
127
0
181
237
149
127
0
181
237
149
127
0
181
237
149
127
0
