603
399
418
126
384
891
890
87
820
790
603
399
418
126
384
891
890
87
820
790
603
399
418
126
384
891
890
87
820
790
603
399
418
126
384
891
890
87
820
790
603
399
418
126
384
891
890
87
820
790
603
399
418
126
384
891
890
87
820
790
603
399
418
126
384
891
890
87
820
790
603
399
418
126
384
891
890
87
820
790
603
399
418
126
384
891
890
87
820
790
603
399
418
126
384
891
890
87
820
790
603
399
418
126
384
891
890
87
820
790
603
399
418
126
384
891
890
87
820
790
603
399
418
126
384
891
890
87
820
790
603
399
418
126
384
891
890
87
820
790
603
399
418
126
384
891
890
87
820
790
603
399
418
126
384
891
890
87
820
790
603
399
418
126
384
891
890
87
820
790
603
399
418
126
384
891
890
87
820
790
603
399
418
126
384
891
890
87
820
790
603
399
418
126
384
891
890
87
820
790
603
399
418
126
384
891
890
87
820
790
603
399
418
126
384
891
890
87
820
790
603
399
418
126
384
891
890
87
820
790
603
399
418
126
384
891
890
87
820
790
603
399
418
126
384
891
890
87
820
790
603
399
418
126
384
891
890
87
820
790
603
399
418
126
384
891
890
87
820
790
603
399
418
126
384
891
890
87
820
790
603
399
418
126
384
891
890
87
820
790
603
399
418
126
384
891
890
87
820
790
603
399
418
126
384
891
890
87
820
790
603
399
418
126
384
891
890
87
820
790
603
399
418
126
384
891
890
87
820
790
603
399
418
126
384
891
890
87
820
790
603
399
418
126
384
891
890
87
820
790
603
399
418
126
384
891
890
87
820
790
603
399
418
126
384
891
890
87
820
790
603
399
418
126
384
891
890
87
820
790
603
399
418
126
384
891
890
87
820
790
603
399
418
126
384
891
890
87
820
790
603
399
418
126
384
891
890
87
820
790
603
399
418
126
384
891
890
87
820
790
603
399
418
126
384
891
890
87
820
790
603
399
418
126
384
891
890
87
820
790
603
399
418
126
384
891
890
87
820
790
603
399
418
126
384
891
890
87
820
790
603
399
418
126
384
891
890
87
820
790
603
399
418
126
384
891
890
87
820
790
603
399
418
126
384
891
890
87
820
790
603
399
418
126
384
891
890
87
820
790
