282
285
266
125
188
302
11
101
293
349
282
285
266
125
188
302
11
101
293
349
282
285
266
125
188
302
11
101
293
349
282
285
266
125
188
302
11
101
293
349
282
285
266
125
188
302
11
101
293
349
282
285
266
125
188
302
11
101
293
349
282
285
266
125
188
302
11
101
293
349
282
285
266
125
188
302
11
101
293
349
282
285
266
125
188
302
11
101
293
349
282
285
266
125
188
302
11
101
293
349
282
285
266
125
188
302
11
101
293
349
282
285
266
125
188
302
11
101
293
349
282
285
266
125
188
302
11
101
293
349
282
285
266
125
188
302
11
101
293
349
282
285
266
125
188
302
11
101
293
349
282
285
266
125
188
302
11
101
293
349
282
285
266
125
188
302
11
101
293
349
282
285
266
125
188
302
11
101
293
349
282
285
266
125
188
302
11
101
293
349
282
285
266
125
188
302
11
101
293
349
282
285
266
125
188
302
11
101
293
349
282
285
266
125
188
302
11
101
293
349
282
285
266
125
188
302
11
101
293
349
282
285
266
125
188
302
11
101
293
349
282
285
266
125
188
302
11
101
293
349
282
285
266
125
188
302
11
101
293
349
282
285
266
125
188
302
11
101
293
349
282
285
266
125
188
302
11
101
293
349
282
285
266
125
188
302
11
101
293
349
282
285
266
125
188
302
11
101
293
349
282
285
266
125
188
302
11
101
293
349
282
285
266
125
188
302
11
101
293
349
282
285
266
125
188
302
11
101
293
349
282
285
266
125
188
302
11
101
293
349
282
285
266
125
188
302
11
101
293
349
282
285
266
125
188
302
11
101
293
349
282
285
266
125
188
302
11
101
293
349
282
285
266
125
188
302
11
101
293
349
282
285
266
125
188
302
11
101
293
349
282
285
266
125
188
302
11
101
293
349
282
285
266
125
188
302
11
101
293
349
282
285
266
125
188
302
11
101
293
349
282
285
266
125
188
302
11
101
293
349
282
285
266
125
188
302
11
101
293
349
282
285
266
125
188
302
11
101
293
349
282
285
266
125
188
302
11
101
293
349
282
285
266
125
188
302
11
101
293
349
282
285
266
125
188
302
11
101
293
349
282
285
266
125
188
302
11
101
293
349
282
285
266
125
188
302
11
101
293
349
