1
2
22
11
15
19
27
230
6
7
1
2
22
11
15
19
27
230
6
7
1
2
22
11
15
19
27
230
6
7
1
2
22
11
15
19
27
230
6
7
1
2
22
11
15
19
27
230
6
7
1
2
22
11
15
19
27
230
6
7
1
2
22
11
15
19
27
230
6
7
1
2
22
11
15
19
27
230
6
7
1
2
22
11
15
19
27
230
6
7
1
2
22
11
15
19
27
230
6
7
1
2
22
11
15
19
27
230
6
7
1
2
22
11
15
19
27
230
6
7
1
2
22
11
15
19
27
230
6
7
1
2
22
11
15
19
27
230
6
7
1
2
22
11
15
19
27
230
6
7
1
2
22
11
15
19
27
230
6
7
1
2
22
11
15
19
27
230
6
7
1
2
22
11
15
19
27
230
6
7
1
2
22
11
15
19
27
230
6
7
1
2
22
11
15
19
27
230
6
7
1
2
22
11
15
19
27
230
6
7
1
2
22
11
15
19
27
230
6
7
1
2
22
11
15
19
27
230
6
7
1
2
22
11
15
19
27
230
6
7
1
2
22
11
15
19
27
230
6
7
1
2
22
11
15
19
27
230
6
7
1
2
22
11
15
19
27
230
6
7
1
2
22
11
15
19
27
230
6
7
1
2
22
11
15
19
27
230
6
7
1
2
22
11
15
19
27
230
6
7
1
2
22
11
15
19
27
230
6
7
1
2
22
11
15
19
27
230
6
7
1
2
22
11
15
19
27
230
6
7
1
2
22
11
15
19
27
230
6
7
1
2
22
11
15
19
27
230
6
7
1
2
22
11
15
19
27
230
6
7
1
2
22
11
15
19
27
230
6
7
1
2
22
11
15
19
27
230
6
7
1
2
22
11
15
19
27
230
6
7
1
2
22
11
15
19
27
230
6
7
1
2
22
11
15
19
27
230
6
7
1
2
22
11
15
19
27
230
6
7
1
2
22
11
15
19
27
230
6
7
1
2
22
11
15
19
27
230
6
7
1
2
22
11
15
19
27
230
6
7
1
2
22
11
15
19
27
230
6
7
1
2
22
11
15
19
27
230
6
7
1
2
22
11
15
19
27
230
6
7
1
2
22
11
15
19
27
230
6
7
1
2
22
11
15
19
27
230
6
7
