18
186
146
16
89
317
177
173
137
59
18
186
146
16
89
317
177
173
137
59
18
186
146
16
89
317
177
173
137
59
18
186
146
16
89
317
177
173
137
59
18
186
146
16
89
317
177
173
137
59
18
186
146
16
89
317
177
173
137
59
18
186
146
16
89
317
177
173
137
59
18
186
146
16
89
317
177
173
137
59
18
186
146
16
89
317
177
173
137
59
18
186
146
16
89
317
177
173
137
59
18
186
146
16
89
317
177
173
137
59
18
186
146
16
89
317
177
173
137
59
18
186
146
16
89
317
177
173
137
59
18
186
146
16
89
317
177
173
137
59
18
186
146
16
89
317
177
173
137
59
18
186
146
16
89
317
177
173
137
59
18
186
146
16
89
317
177
173
137
59
18
186
146
16
89
317
177
173
137
59
18
186
146
16
89
317
177
173
137
59
18
186
146
16
89
317
177
173
137
59
18
186
146
16
89
317
177
173
137
59
18
186
146
16
89
317
177
173
137
59
18
186
146
16
89
317
177
173
137
59
18
186
146
16
89
317
177
173
137
59
18
186
146
16
89
317
177
173
137
59
18
186
146
16
89
317
177
173
137
59
18
186
146
16
89
317
177
173
137
59
18
186
146
16
89
317
177
173
137
59
18
186
146
16
89
317
177
173
137
59
18
186
146
16
89
317
177
173
137
59
18
186
146
16
89
317
177
173
137
59
18
186
146
16
89
317
177
173
137
59
18
186
146
16
89
317
177
173
137
59
18
186
146
16
89
317
177
173
137
59
18
186
146
16
89
317
177
173
137
59
18
186
146
16
89
317
177
173
137
59
18
186
146
16
89
317
177
173
137
59
18
186
146
16
89
317
177
173
137
59
18
186
146
16
89
317
177
173
137
59
18
186
146
16
89
317
177
173
137
59
18
186
146
16
89
317
177
173
137
59
18
186
146
16
89
317
177
173
137
59
18
186
146
16
89
317
177
173
137
59
18
186
146
16
89
317
177
173
137
59
18
186
146
16
89
317
177
173
137
59
18
186
146
16
89
317
177
173
137
59
18
186
146
16
89
317
177
173
137
59
18
186
146
16
89
317
177
173
137
59
18
186
146
16
89
317
177
173
137
59
18
186
146
16
89
317
177
173
137
59
