328
269
49
45
2
365
375
536
296
575
328
269
49
45
2
365
375
536
296
575
328
269
49
45
2
365
375
536
296
575
328
269
49
45
2
365
375
536
296
575
328
269
49
45
2
365
375
536
296
575
328
269
49
45
2
365
375
536
296
575
328
269
49
45
2
365
375
536
296
575
328
269
49
45
2
365
375
536
296
575
328
269
49
45
2
365
375
536
296
575
328
269
49
45
2
365
375
536
296
575
328
269
49
45
2
365
375
536
296
575
328
269
49
45
2
365
375
536
296
575
328
269
49
45
2
365
375
536
296
575
328
269
49
45
2
365
375
536
296
575
328
269
49
45
2
365
375
536
296
575
328
269
49
45
2
365
375
536
296
575
328
269
49
45
2
365
375
536
296
575
328
269
49
45
2
365
375
536
296
575
328
269
49
45
2
365
375
536
296
575
328
269
49
45
2
365
375
536
296
575
328
269
49
45
2
365
375
536
296
575
328
269
49
45
2
365
375
536
296
575
328
269
49
45
2
365
375
536
296
575
328
269
49
45
2
365
375
536
296
575
328
269
49
45
2
365
375
536
296
575
328
269
49
45
2
365
375
536
296
575
328
269
49
45
2
365
375
536
296
575
328
269
49
45
2
365
375
536
296
575
328
269
49
45
2
365
375
536
296
575
328
269
49
45
2
365
375
536
296
575
328
269
49
45
2
365
375
536
296
575
328
269
49
45
2
365
375
536
296
575
328
269
49
45
2
365
375
536
296
575
328
269
49
45
2
365
375
536
296
575
328
269
49
45
2
365
375
536
296
575
328
269
49
45
2
365
375
536
296
575
328
269
49
45
2
365
375
536
296
575
328
269
49
45
2
365
375
536
296
575
328
269
49
45
2
365
375
536
296
575
328
269
49
45
2
365
375
536
296
575
328
269
49
45
2
365
375
536
296
575
328
269
49
45
2
365
375
536
296
575
328
269
49
45
2
365
375
536
296
575
328
269
49
45
2
365
375
536
296
575
328
269
49
45
2
365
375
536
296
575
328
269
49
45
2
365
375
536
296
575
328
269
49
45
2
365
375
536
296
575
328
269
49
45
2
365
375
536
296
575
328
269
49
45
2
365
375
536
296
575
328
269
49
45
2
365
375
536
296
575
