36
142
215
277
137
35
94
260
0
11
36
142
215
277
137
35
94
260
0
11
36
142
215
277
137
35
94
260
0
11
36
142
215
277
137
35
94
260
0
11
36
142
215
277
137
35
94
260
0
11
36
142
215
277
137
35
94
260
0
11
36
142
215
277
137
35
94
260
0
11
36
142
215
277
137
35
94
260
0
11
36
142
215
277
137
35
94
260
0
11
36
142
215
277
137
35
94
260
0
11
36
142
215
277
137
35
94
260
0
11
36
142
215
277
137
35
94
260
0
11
36
142
215
277
137
35
94
260
0
11
36
142
215
277
137
35
94
260
0
11
36
142
215
277
137
35
94
260
0
11
36
142
215
277
137
35
94
260
0
11
36
142
215
277
137
35
94
260
0
11
36
142
215
277
137
35
94
260
0
11
36
142
215
277
137
35
94
260
0
11
36
142
215
277
137
35
94
260
0
11
36
142
215
277
137
35
94
260
0
11
36
142
215
277
137
35
94
260
0
11
36
142
215
277
137
35
94
260
0
11
36
142
215
277
137
35
94
260
0
11
36
142
215
277
137
35
94
260
0
11
36
142
215
277
137
35
94
260
0
11
36
142
215
277
137
35
94
260
0
11
36
142
215
277
137
35
94
260
0
11
36
142
215
277
137
35
94
260
0
11
36
142
215
277
137
35
94
260
0
11
36
142
215
277
137
35
94
260
0
11
36
142
215
277
137
35
94
260
0
11
36
142
215
277
137
35
94
260
0
11
36
142
215
277
137
35
94
260
0
11
36
142
215
277
137
35
94
260
0
11
36
142
215
277
137
35
94
260
0
11
36
142
215
277
137
35
94
260
0
11
36
142
215
277
137
35
94
260
0
11
36
142
215
277
137
35
94
260
0
11
36
142
215
277
137
35
94
260
0
11
36
142
215
277
137
35
94
260
0
11
36
142
215
277
137
35
94
260
0
11
36
142
215
277
137
35
94
260
0
11
36
142
215
277
137
35
94
260
0
11
36
142
215
277
137
35
94
260
0
11
36
142
215
277
137
35
94
260
0
11
36
142
215
277
137
35
94
260
0
11
36
142
215
277
137
35
94
260
0
11
36
142
215
277
137
35
94
260
0
11
36
142
215
277
137
35
94
260
0
11
