319
156
505
255
178
221
82
201
472
199
319
156
505
255
178
221
82
201
472
199
319
156
505
255
178
221
82
201
472
199
319
156
505
255
178
221
82
201
472
199
319
156
505
255
178
221
82
201
472
199
319
156
505
255
178
221
82
201
472
199
319
156
505
255
178
221
82
201
472
199
319
156
505
255
178
221
82
201
472
199
319
156
505
255
178
221
82
201
472
199
319
156
505
255
178
221
82
201
472
199
319
156
505
255
178
221
82
201
472
199
319
156
505
255
178
221
82
201
472
199
319
156
505
255
178
221
82
201
472
199
319
156
505
255
178
221
82
201
472
199
319
156
505
255
178
221
82
201
472
199
319
156
505
255
178
221
82
201
472
199
319
156
505
255
178
221
82
201
472
199
319
156
505
255
178
221
82
201
472
199
319
156
505
255
178
221
82
201
472
199
319
156
505
255
178
221
82
201
472
199
319
156
505
255
178
221
82
201
472
199
319
156
505
255
178
221
82
201
472
199
319
156
505
255
178
221
82
201
472
199
319
156
505
255
178
221
82
201
472
199
319
156
505
255
178
221
82
201
472
199
319
156
505
255
178
221
82
201
472
199
319
156
505
255
178
221
82
201
472
199
319
156
505
255
178
221
82
201
472
199
319
156
505
255
178
221
82
201
472
199
319
156
505
255
178
221
82
201
472
199
319
156
505
255
178
221
82
201
472
199
319
156
505
255
178
221
82
201
472
199
319
156
505
255
178
221
82
201
472
199
319
156
505
255
178
221
82
201
472
199
319
156
505
255
178
221
82
201
472
199
319
156
505
255
178
221
82
201
472
199
319
156
505
255
178
221
82
201
472
199
319
156
505
255
178
221
82
201
472
199
319
156
505
255
178
221
82
201
472
199
319
156
505
255
178
221
82
201
472
199
319
156
505
255
178
221
82
201
472
199
319
156
505
255
178
221
82
201
472
199
319
156
505
255
178
221
82
201
472
199
319
156
505
255
178
221
82
201
472
199
319
156
505
255
178
221
82
201
472
199
319
156
505
255
178
221
82
201
472
199
319
156
505
255
178
221
82
201
472
199
319
156
505
255
178
221
82
201
472
199
319
156
505
255
178
221
82
201
472
199
319
156
505
255
178
221
82
201
472
199
