0
307
38
20
8
4
118
238
71
239
0
307
38
20
8
4
118
238
71
239
0
307
38
20
8
4
118
238
71
239
0
307
38
20
8
4
118
238
71
239
0
307
38
20
8
4
118
238
71
239
0
307
38
20
8
4
118
238
71
239
0
307
38
20
8
4
118
238
71
239
0
307
38
20
8
4
118
238
71
239
0
307
38
20
8
4
118
238
71
239
0
307
38
20
8
4
118
238
71
239
0
307
38
20
8
4
118
238
71
239
0
307
38
20
8
4
118
238
71
239
0
307
38
20
8
4
118
238
71
239
0
307
38
20
8
4
118
238
71
239
0
307
38
20
8
4
118
238
71
239
0
307
38
20
8
4
118
238
71
239
0
307
38
20
8
4
118
238
71
239
0
307
38
20
8
4
118
238
71
239
0
307
38
20
8
4
118
238
71
239
0
307
38
20
8
4
118
238
71
239
0
307
38
20
8
4
118
238
71
239
0
307
38
20
8
4
118
238
71
239
0
307
38
20
8
4
118
238
71
239
0
307
38
20
8
4
118
238
71
239
0
307
38
20
8
4
118
238
71
239
0
307
38
20
8
4
118
238
71
239
0
307
38
20
8
4
118
238
71
239
0
307
38
20
8
4
118
238
71
239
0
307
38
20
8
4
118
238
71
239
0
307
38
20
8
4
118
238
71
239
0
307
38
20
8
4
118
238
71
239
0
307
38
20
8
4
118
238
71
239
0
307
38
20
8
4
118
238
71
239
0
307
38
20
8
4
118
238
71
239
0
307
38
20
8
4
118
238
71
239
0
307
38
20
8
4
118
238
71
239
0
307
38
20
8
4
118
238
71
239
0
307
38
20
8
4
118
238
71
239
0
307
38
20
8
4
118
238
71
239
0
307
38
20
8
4
118
238
71
239
0
307
38
20
8
4
118
238
71
239
0
307
38
20
8
4
118
238
71
239
0
307
38
20
8
4
118
238
71
239
0
307
38
20
8
4
118
238
71
239
0
307
38
20
8
4
118
238
71
239
0
307
38
20
8
4
118
238
71
239
0
307
38
20
8
4
118
238
71
239
0
307
38
20
8
4
118
238
71
239
0
307
38
20
8
4
118
238
71
239
0
307
38
20
8
4
118
238
71
239
