111
112
38
74
15
1
219
124
222
230
111
112
38
74
15
1
219
124
222
230
111
112
38
74
15
1
219
124
222
230
111
112
38
74
15
1
219
124
222
230
111
112
38
74
15
1
219
124
222
230
111
112
38
74
15
1
219
124
222
230
111
112
38
74
15
1
219
124
222
230
111
112
38
74
15
1
219
124
222
230
111
112
38
74
15
1
219
124
222
230
111
112
38
74
15
1
219
124
222
230
111
112
38
74
15
1
219
124
222
230
111
112
38
74
15
1
219
124
222
230
111
112
38
74
15
1
219
124
222
230
111
112
38
74
15
1
219
124
222
230
111
112
38
74
15
1
219
124
222
230
111
112
38
74
15
1
219
124
222
230
111
112
38
74
15
1
219
124
222
230
111
112
38
74
15
1
219
124
222
230
111
112
38
74
15
1
219
124
222
230
111
112
38
74
15
1
219
124
222
230
111
112
38
74
15
1
219
124
222
230
111
112
38
74
15
1
219
124
222
230
111
112
38
74
15
1
219
124
222
230
111
112
38
74
15
1
219
124
222
230
111
112
38
74
15
1
219
124
222
230
111
112
38
74
15
1
219
124
222
230
111
112
38
74
15
1
219
124
222
230
111
112
38
74
15
1
219
124
222
230
111
112
38
74
15
1
219
124
222
230
111
112
38
74
15
1
219
124
222
230
111
38
74
87
73
204
1
83
112
2
111
38
74
87
73
204
1
83
112
2
111
38
74
87
73
204
1
83
112
2
111
38
74
87
73
204
1
83
112
2
111
38
74
87
73
204
1
83
112
2
111
38
74
87
73
204
1
83
112
2
111
38
74
87
73
204
1
83
112
2
111
38
74
87
73
204
1
83
112
2
111
38
74
87
73
204
1
83
112
2
111
38
74
87
73
204
1
83
112
2
111
38
74
87
73
204
1
83
112
2
111
38
74
87
73
204
1
83
112
2
111
38
74
87
73
204
1
83
112
2
111
38
74
87
73
204
1
83
112
2
111
38
74
87
73
204
1
83
112
2
111
38
74
87
73
204
1
83
112
2
111
38
74
87
73
204
1
83
112
2
111
38
74
87
73
204
1
83
112
2
111
38
74
87
73
204
1
83
112
2
111
38
74
87
73
204
1
83
112
2
