282
171
235
152
200
95
94
73
32
3
282
171
235
152
200
95
94
73
32
3
282
171
235
152
200
95
94
73
32
3
282
171
235
152
200
95
94
73
32
3
282
171
235
152
200
95
94
73
32
3
282
171
235
152
200
95
94
73
32
3
282
171
235
152
200
95
94
73
32
3
282
171
235
152
200
95
94
73
32
3
282
171
235
152
200
95
94
73
32
3
282
171
235
152
200
95
94
73
32
3
282
171
235
152
200
95
94
73
32
3
282
171
235
152
200
95
94
73
32
3
282
171
235
152
200
95
94
73
32
3
282
171
235
152
200
95
94
73
32
3
282
171
235
152
200
95
94
73
32
3
282
171
235
152
200
95
94
73
32
3
282
171
235
152
200
95
94
73
32
3
282
171
235
152
200
95
94
73
32
3
282
171
235
152
200
95
94
73
32
3
282
171
235
152
200
95
94
73
32
3
282
171
235
152
200
95
94
73
32
3
282
171
235
152
200
95
94
73
32
3
282
171
235
152
200
95
94
73
32
3
282
171
235
152
200
95
94
73
32
3
282
171
235
152
200
95
94
73
32
3
282
171
235
152
200
95
94
73
32
3
282
171
235
152
200
95
94
73
32
3
282
171
235
152
200
95
94
73
32
3
282
171
235
152
200
95
94
73
32
3
282
171
235
152
200
95
94
73
32
3
282
171
235
152
200
95
94
73
32
3
282
171
235
152
200
95
94
73
32
3
282
171
235
152
200
95
94
73
32
3
282
171
235
152
200
95
94
73
32
3
282
171
235
152
200
95
94
73
32
3
282
171
235
152
200
95
94
73
32
3
282
171
235
152
200
95
94
73
32
3
282
171
235
152
200
95
94
73
32
3
282
171
235
152
200
95
94
73
32
3
282
171
235
152
200
95
94
73
32
3
282
171
235
152
200
95
94
73
32
3
282
171
235
152
200
95
94
73
32
3
282
171
235
152
200
95
94
73
32
3
282
171
235
152
200
95
94
73
32
3
282
171
235
152
200
95
94
73
32
3
282
171
235
152
200
95
94
73
32
3
282
171
235
152
200
95
94
73
32
3
282
171
235
152
200
95
94
73
32
3
282
171
235
152
200
95
94
73
32
3
282
171
235
152
200
95
94
73
32
3
