48
22
121
112
59
158
165
189
192
142
22
51
165
155
195
80
186
159
94
176
125
95
43
70
31
182
158
169
167
194
43
45
173
44
74
86
39
188
6
177
150
66
61
193
55
189
54
127
26
68
63
163
51
47
126
137
201
60
62
149
64
112
54
9
203
39
62
109
144
157
133
122
134
54
83
204
174
159
123
56
64
103
48
91
102
114
183
196
170
90
45
92
48
144
30
167
155
58
188
175
139
65
88
138
178
133
92
113
112
3
171
32
164
122
88
154
99
134
70
96
125
147
19
176
41
72
2
126
88
85
201
189
173
51
40
141
8
14
124
205
95
205
165
54
49
190
80
69
46
126
84
107
182
9
168
181
2
66
206
126
139
149
74
169
142
38
93
174
41
137
55
72
71
29
90
59
196
76
3
53
96
159
131
66
12
144
50
61
76
9
155
33
16
177
75
39
187
48
26
121
85
107
99
95
179
9
90
92
66
67
144
164
45
23
15
155
19
36
104
88
183
101
96
200
194
46
54
63
9
203
115
187
176
114
204
162
39
93
128
171
119
53
194
125
57
15
158
199
5
92
21
197
190
71
79
20
52
181
125
10
78
116
102
42
65
70
153
189
10
194
15
36
112
88
140
1
181
132
27
186
146
136
69
67
164
128
81
187
2
9
135
77
185
51
177
62
167
122
109
6
30
175
191
0
157
128
195
135
79
182
138
28
121
167
53
46
65
27
171
148
71
134
88
5
118
11
20
141
140
63
77
206
22
190
16
184
18
115
79
59
98
104
187
182
135
66
74
188
178
159
94
62
184
100
129
28
122
24
133
82
97
176
66
113
37
136
208
100
57
7
44
17
173
39
167
49
23
84
78
88
165
126
42
174
77
191
14
183
93
132
204
138
197
140
52
109
94
0
207
176
106
9
130
118
82
123
27
175
173
114
147
117
119
50
3
169
60
56
62
43
59
178
119
26
195
29
133
73
115
67
76
142
67
120
96
43
14
121
2
29
78
91
39
145
106
116
100
11
104
129
145
196
190
161
44
2
33
47
85
120
29
59
4
193
22
179
198
206
78
14
54
179
139
141
122
41
101
5
7
43
75
68
120
126
33
180
187
57
178
133
43
67
7
207
116
50
39
139
22
134
