111
38
74
87
1
73
204
112
15
28
111
38
74
87
1
73
204
112
15
28
111
38
74
87
1
73
204
112
15
28
111
38
74
87
1
73
204
112
15
28
111
38
74
87
1
73
204
112
15
28
111
38
74
87
1
73
204
112
15
28
111
38
74
87
1
73
204
112
15
28
111
38
74
87
1
73
204
112
15
28
111
38
74
87
1
73
204
112
15
28
111
38
74
87
1
73
204
112
15
28
111
38
74
87
1
73
204
112
15
28
111
38
74
87
1
73
204
112
15
28
111
38
74
87
1
73
204
112
15
28
111
38
74
87
1
73
204
112
15
28
111
38
74
87
1
73
204
112
15
28
111
38
74
87
1
73
204
112
15
28
111
38
74
87
1
73
204
112
15
28
111
38
74
87
1
73
204
112
15
28
111
38
74
87
1
73
204
112
15
28
111
38
74
87
1
73
204
112
15
28
111
38
74
87
1
73
204
112
15
28
111
38
74
87
1
73
204
112
15
28
111
38
74
87
1
73
204
112
15
28
111
38
74
87
1
73
204
112
15
28
111
38
74
87
1
73
204
112
15
28
111
38
74
87
1
73
204
112
15
28
111
38
74
87
1
73
204
112
15
28
111
38
74
87
1
73
204
112
15
28
111
38
74
87
1
73
204
112
15
28
111
38
74
87
1
73
204
112
15
28
111
38
74
87
1
73
204
112
15
28
111
38
74
87
1
73
204
112
15
28
111
38
74
87
1
73
204
112
15
28
111
38
74
87
1
73
204
112
15
28
111
38
74
87
1
73
204
112
15
28
111
38
74
87
1
73
204
112
15
28
111
38
74
87
1
73
204
112
15
28
111
38
74
87
1
73
204
112
15
28
111
38
74
87
1
73
204
112
15
28
111
38
74
87
1
73
204
112
15
28
111
38
74
87
1
73
204
112
15
28
111
38
74
87
1
73
204
112
15
28
111
38
74
87
1
73
204
112
15
28
111
38
74
87
1
73
204
112
15
28
111
38
74
87
1
73
204
112
15
28
111
38
74
87
1
73
204
112
15
28
111
38
74
87
1
73
204
112
15
28
111
38
74
87
1
73
204
112
15
28
111
38
74
87
1
73
204
112
15
28
111
38
74
87
1
73
204
112
15
28
