1
4
2
3
9
36
54
35
44
20
1
4
2
3
9
36
54
35
44
20
1
4
2
3
9
36
54
35
44
20
1
4
2
3
9
36
54
35
44
20
1
4
2
3
9
36
54
35
44
20
1
4
2
3
9
36
54
35
44
20
1
4
2
3
9
36
54
35
44
20
1
4
2
3
9
36
54
35
44
20
1
4
2
3
9
36
54
35
44
20
1
4
2
3
9
36
54
35
44
20
1
4
2
3
9
36
54
35
44
20
1
4
2
3
9
36
54
35
44
20
1
4
2
3
9
36
54
35
44
20
1
4
2
3
9
36
54
35
44
20
1
4
2
3
9
36
54
35
44
20
1
4
2
3
9
36
54
35
44
20
1
4
2
3
9
36
54
35
44
20
1
4
2
3
9
36
54
35
44
20
1
4
2
3
9
36
54
35
44
20
1
4
2
3
9
36
54
35
44
20
1
4
2
3
9
36
54
35
44
20
1
4
2
3
9
36
54
35
44
20
1
4
2
3
9
36
54
35
44
20
1
4
2
3
9
36
54
35
44
20
1
4
2
3
9
36
54
35
44
20
1
4
2
3
9
36
54
35
44
20
1
4
2
3
9
36
54
35
44
20
1
4
2
3
9
36
54
35
44
20
1
4
2
3
9
36
54
35
44
20
1
4
2
3
9
36
54
35
44
20
1
4
2
3
9
36
54
35
44
20
1
4
2
3
9
36
54
35
44
20
1
4
2
3
9
36
54
35
44
20
1
4
2
3
9
36
54
35
44
20
1
4
2
3
9
36
54
35
44
20
1
4
2
3
9
36
54
35
44
20
1
4
2
3
9
36
54
35
44
20
1
4
2
3
9
36
54
35
44
20
1
4
2
3
9
36
54
35
44
20
1
4
2
3
9
36
54
35
44
20
1
4
2
3
9
36
54
35
44
20
1
4
2
3
9
36
54
35
44
20
1
4
2
3
9
36
54
35
44
20
1
4
2
3
9
36
54
35
44
20
1
4
2
3
9
36
54
35
44
20
1
4
2
3
9
36
54
35
44
20
1
4
2
3
9
36
54
35
44
20
1
4
2
3
9
36
54
35
44
20
1
4
2
3
9
36
54
35
44
20
1
4
2
3
9
36
54
35
44
20
