779
98
527
246
188
383
175
195
230
636
779
98
527
246
188
383
175
195
230
636
779
98
527
246
188
383
175
195
230
636
779
98
527
246
188
383
175
195
230
636
779
98
527
246
188
383
175
195
230
636
779
98
527
246
188
383
175
195
230
636
779
98
527
246
188
383
175
195
230
636
779
98
527
246
188
383
175
195
230
636
779
98
527
246
188
383
175
195
230
636
779
98
527
246
188
383
175
195
230
636
779
98
527
246
188
383
175
195
230
636
779
98
527
246
188
383
175
195
230
636
779
98
527
246
188
383
175
195
230
636
779
98
527
246
188
383
175
195
230
636
779
98
527
246
188
383
175
195
230
636
779
98
527
246
188
383
175
195
230
636
779
98
527
246
188
383
175
195
230
636
779
98
527
246
188
383
175
195
230
636
779
98
527
246
188
383
175
195
230
636
779
98
527
246
188
383
175
195
230
636
779
98
527
246
188
383
175
195
230
636
779
98
527
246
188
383
175
195
230
636
779
98
527
246
188
383
175
195
230
636
779
98
527
246
188
383
175
195
230
636
779
98
527
246
188
383
175
195
230
636
779
98
527
246
188
383
175
195
230
636
779
98
527
246
188
383
175
195
230
636
779
98
527
246
188
383
175
195
230
636
779
98
527
246
188
383
175
195
230
636
779
98
527
246
188
383
175
195
230
636
779
98
527
246
188
383
175
195
230
636
779
98
527
246
188
383
175
195
230
636
779
98
527
246
188
383
175
195
230
636
779
98
527
246
188
383
175
195
230
636
779
98
527
246
188
383
175
195
230
636
779
98
527
246
188
383
175
195
230
636
779
98
527
246
188
383
175
195
230
636
779
98
527
246
188
383
175
195
230
636
779
98
527
246
188
383
175
195
230
636
779
98
527
246
188
383
175
195
230
636
779
98
527
246
188
383
175
195
230
636
779
98
527
246
188
383
175
195
230
636
779
98
527
246
188
383
175
195
230
636
779
98
527
246
188
383
175
195
230
636
779
98
527
246
188
383
175
195
230
636
779
98
527
246
188
383
175
195
230
636
779
98
527
246
188
383
175
195
230
636
779
98
527
246
188
383
175
195
230
636
779
98
527
246
188
383
175
195
230
636
779
98
527
246
188
383
175
195
230
636
