451
314
481
270
333
102
487
414
298
251
325
59
49
157
297
117
343
94
309
234
8
387
437
189
121
110
68
320
12
50
31
495
188
363
319
361
482
70
119
48
474
457
299
427
165
375
391
294
216
151
449
379
120
398
61
483
425
198
4
291
129
459
432
241
45
166
105
458
255
18
281
14
330
174
224
185
269
273
327
104
218
377
107
505
328
46
122
106
37
426
468
66
389
35
235
29
67
313
512
42
77
301
341
85
149
254
424
118
156
446
207
171
268
399
76
54
488
381
373
422
480
378
288
152
433
386
170
215
202
515
99
168
25
150
226
103
412
485
9
303
130
64
147
146
27
21
82
484
193
95
492
277
441
86
5
200
454
195
30
112
232
310
137
357
430
163
340
125
252
493
178
466
406
26
500
504
370
155
134
506
179
322
153
462
34
154
302
88
6
417
244
81
461
394
71
116
494
282
128
38
507
418
348
237
420
402
44
75
354
364
91
194
80
53
93
404
230
324
275
223
32
133
204
287
428
434
89
175
22
316
240
431
201
63
453
293
209
338
113
321
400
274
13
409
78
395
36
83
41
131
60
228
452
97
335
115
464
382
486
436
471
401
136
191
10
403
448
47
242
388
43
221
342
100
159
498
79
109
205
258
392
369
272
411
356
98
212
334
57
162
246
19
222
429
108
160
450
190
62
283
245
144
317
279
239
74
92
101
385
187
415
489
196
55
142
318
451
314
481
270
333
102
487
414
298
251
325
59
49
157
297
117
343
94
309
234
8
387
437
189
121
110
68
320
12
50
31
495
188
363
319
361
482
70
119
48
474
457
299
427
165
375
391
294
216
151
449
379
120
398
61
483
425
198
4
291
129
459
432
241
45
166
105
458
255
18
281
14
330
174
224
185
269
273
327
104
218
377
107
505
328
46
122
106
37
426
468
66
389
35
235
29
67
313
512
42
77
301
341
85
149
254
424
118
156
446
207
171
268
399
76
54
488
381
373
422
480
378
288
152
433
386
170
215
202
515
99
168
25
150
226
103
412
485
9
303
130
64
147
146
27
21
82
484
193
95
492
277
441
86
5
200
454
195
30
112
232
310
137
357
430
163
340
125
252
493
178
466
406
26
500
504
370
155
134
506
179
322
153
462
34
154
302
88
6
417
244
81
461
394
71
116
494
282
128
38
507
418
348
237
420
402
44
75
354
364
91
194
80
53
93
404
230
324
275
223
32
133
204
287
428
434
89
175
22
316
240
431
201
63
453
293
209
338
113
321
400
274
13
409
78
395
36
83
41
131
60
228
452
97
335
115
464
382
486
436
471
401
136
191
10
403
448
47
242
388
43
221
342
100
159
498
79
109
205
258
392
369
272
411
356
98
212
334
57
162
246
19
222
429
108
160
450
190
62
283
245
144
317
279
239
74
92
101
385
187
415
489
196
55
142
318
451
314
481
270
333
102
487
414
298
251
325
59
49
157
297
117
343
94
309
234
8
387
437
189
121
110
68
320
12
50
31
495
188
363
319
361
482
70
119
48
474
457
299
427
165
375
391
294
216
151
449
379
120
398
61
483
425
198
4
291
129
459
432
241
45
166
105
458
255
18
281
14
330
174
224
185
269
273
327
104
218
377
107
505
328
46
122
106
37
426
468
66
389
35
235
29
67
313
512
42
77
301
341
85
149
254
424
118
156
446
207
171
268
399
76
54
488
381
373
422
480
378
288
152
433
386
170
215
202
515
99
168
25
150
226
103
412
485
9
303
130
64
147
146
27
21
82
484
193
95
492
277
441
86
5
200
454
195
30
112
232
310
137
357
430
163
340
125
252
493
178
466
406
26
500
504
370
155
134
506
179
322
153
462
34
154
302
88
6
417
244
81
461
394
71
116
494
282
128
38
507
418
348
237
420
402
44
75
354
364
91
194
80
53
93
404
230
324
275
223
32
133
204
287
428
434
89
175
22
316
240
431
201
63
453
293
209
338
113
321
400
274
13
409
78
395
36
83
41
131
60
228
452
97
335
115
464
382
486
436
471
401
136
191
10
403
448
47
242
388
43
221
342
100
159
498
79
109
205
258
392
369
272
411
356
98
212
334
57
162
246
19
222
429
108
160
450
190
62
283
245
144
317
279
239
74
92
101
385
187
415
489
196
55
142
318
451
314
481
270
333
102
487
414
298
251
325
59
49
157
297
117
343
94
309
234
8
387
437
189
121
110
68
320
12
50
31
495
188
363
319
361
482
70
119
48
474
457
299
427
165
375
391
294
216
151
449
379
120
398
61
483
425
198
4
291
129
459
432
241
45
166
105
458
255
18
281
14
330
174
224
185
269
273
327
104
218
377
107
505
328
46
122
106
37
426
468
66
389
35
235
29
67
313
512
42
77
301
341
85
149
254
424
118
156
446
207
171
268
399
76
54
488
381
373
422
480
378
288
152
433
386
170
215
202
515
99
168
25
150
226
103
412
485
9
303
130
64
147
146
27
21
82
484
193
95
492
277
441
86
5
200
454
195
30
112
232
310
137
357
430
163
340
125
252
493
178
466
406
26
500
504
370
155
134
506
179
322
153
462
34
154
302
88
6
417
244
81
461
394
71
116
494
282
128
38
507
418
348
237
420
402
44
75
354
364
91
194
80
53
93
404
230
324
275
223
32
133
204
287
428
434
89
175
22
316
240
431
201
63
453
293
209
338
113
321
400
274
13
409
78
395
36
83
41
131
60
228
452
97
335
115
464
382
486
436
471
401
136
191
10
403
448
47
242
388
43
221
342
100
159
498
79
109
205
258
392
369
272
411
356
98
212
334
57
162
246
19
222
429
108
160
450
190
62
283
245
144
317
279
239
74
92
101
385
187
415
489
196
55
142
318
451
314
481
270
333
102
487
414
298
251
325
59
49
157
297
117
343
94
309
234
8
387
437
189
121
110
68
320
12
50
31
495
188
363
319
361
482
70
119
48
474
457
299
427
165
375
391
294
216
151
449
379
120
398
61
483
425
198
4
291
129
459
432
241
45
166
105
458
255
18
281
14
330
174
224
185
269
273
327
104
218
377
107
505
328
46
122
106
37
426
468
66
389
35
235
29
67
313
512
42
77
301
341
85
149
254
424
118
156
446
207
171
268
399
76
54
488
381
373
422
480
378
288
152
433
386
170
215
202
515
99
168
25
150
226
103
412
485
9
303
130
64
147
146
27
21
82
484
193
95
492
277
441
86
5
200
454
195
30
112
232
310
137
357
430
163
340
125
252
493
178
466
406
26
500
504
370
155
134
506
179
322
153
462
34
154
302
88
6
417
244
81
461
394
71
116
494
282
128
38
507
418
348
237
420
402
44
75
354
364
91
194
80
53
93
404
230
324
275
223
32
133
204
287
428
434
89
175
22
316
240
431
201
63
453
293
209
338
113
321
400
274
13
409
78
395
36
83
41
131
60
228
452
97
335
115
464
382
486
436
471
401
136
191
10
403
448
47
242
388
43
221
342
100
159
498
79
109
205
258
392
369
272
411
356
98
212
334
57
162
246
19
222
429
108
160
450
190
62
283
245
144
317
279
239
74
92
101
385
187
415
489
196
55
142
318
451
314
481
270
333
102
487
414
298
251
325
59
49
157
297
117
343
94
309
234
8
387
437
189
121
110
68
320
12
50
31
495
188
363
319
361
482
70
119
48
474
457
299
427
165
375
391
294
216
151
449
379
120
398
61
483
425
198
4
291
129
459
432
241
45
166
105
458
255
18
281
14
330
174
224
185
269
273
327
104
218
377
107
505
328
46
122
106
37
426
468
66
389
35
235
29
67
313
512
42
77
301
341
85
149
254
424
118
156
446
207
171
268
399
76
54
488
381
373
422
480
378
288
152
433
386
170
215
202
515
99
168
25
150
226
103
412
485
9
303
130
64
147
146
27
21
82
484
193
95
492
277
441
86
5
200
454
195
30
112
232
310
137
357
430
163
340
125
252
493
178
466
406
26
500
504
370
155
134
506
179
322
153
462
34
154
302
88
6
417
244
81
461
394
71
116
494
282
128
38
507
418
348
237
420
402
44
75
354
364
91
194
80
53
93
404
230
324
275
223
32
133
204
287
428
434
89
175
22
316
240
431
201
63
453
293
209
338
113
321
400
274
13
409
78
395
36
83
41
131
60
228
452
97
335
115
464
382
486
436
471
401
136
191
10
403
448
47
242
388
43
221
342
100
159
498
79
109
205
258
392
369
272
411
356
98
212
334
57
162
246
19
222
429
108
160
450
190
62
283
245
144
317
279
239
74
92
101
385
187
415
489
196
55
142
318
451
314
481
270
333
102
487
414
298
251
325
59
49
157
297
117
343
94
309
234
8
387
437
189
121
110
68
320
12
50
31
495
188
363
319
361
482
70
119
48
474
457
299
427
165
375
391
294
216
151
449
379
120
398
61
483
425
198
4
291
129
459
432
241
45
166
105
458
255
18
281
14
330
174
224
185
269
273
327
104
218
377
107
505
328
46
122
106
37
426
468
66
389
35
235
29
67
313
512
42
77
301
341
85
149
254
424
118
156
446
207
171
268
399
76
54
488
381
373
422
480
378
288
152
433
386
170
215
202
515
99
168
25
150
226
103
412
485
9
303
130
64
147
146
27
21
82
484
193
95
492
277
441
86
5
200
454
195
30
112
232
310
137
357
430
163
340
125
252
493
178
466
406
26
500
504
370
155
134
506
179
322
153
462
34
154
302
88
6
417
244
81
461
394
71
116
494
282
128
38
507
418
348
237
420
402
44
75
354
364
91
194
80
53
93
404
230
324
275
223
32
133
204
287
428
434
89
175
22
316
240
431
201
63
453
293
209
338
113
321
400
274
13
409
78
395
36
83
41
131
60
228
452
97
335
115
464
382
486
436
471
401
136
191
10
403
448
47
242
388
43
221
342
100
159
498
79
109
205
258
392
369
272
411
356
98
212
334
57
162
246
19
222
429
108
160
450
190
62
283
245
144
317
279
239
74
92
101
385
187
415
489
196
55
142
318
451
314
481
270
333
102
487
414
298
251
325
59
49
157
297
117
343
94
309
234
8
387
437
189
121
110
68
320
12
50
31
495
188
363
319
361
482
70
119
48
474
457
299
427
165
375
391
294
216
151
449
379
120
398
61
483
425
198
4
291
129
459
432
241
45
166
105
458
255
18
281
14
330
174
224
185
269
273
327
104
218
377
107
505
328
46
122
106
37
426
468
66
389
35
235
29
67
313
512
42
77
301
341
85
149
254
424
118
156
446
207
171
268
399
76
54
488
381
373
422
480
378
288
152
433
386
170
215
202
515
99
168
25
150
226
103
412
485
9
303
130
64
147
146
27
21
82
484
193
95
492
277
441
86
5
200
454
195
30
112
232
310
137
357
430
163
340
125
252
493
178
466
406
26
500
504
370
155
134
506
179
322
153
462
34
154
302
88
6
417
244
81
461
394
71
116
494
282
128
38
507
418
348
237
420
402
44
75
354
364
91
194
80
53
93
404
230
324
275
223
32
133
204
287
428
434
89
175
22
316
240
431
201
63
453
293
209
338
113
321
400
274
13
409
78
395
36
83
41
131
60
228
452
97
335
115
464
382
486
436
471
401
136
191
10
403
448
47
242
388
43
221
342
100
159
498
79
109
205
258
392
369
272
411
356
98
212
334
57
162
246
19
222
429
108
160
450
190
62
283
245
144
317
279
239
74
92
101
385
187
415
489
196
55
142
318
451
314
481
270
333
102
487
414
298
251
325
59
49
157
297
117
343
94
309
234
8
387
437
189
121
110
68
320
12
50
31
495
188
363
319
361
482
70
119
48
474
457
299
427
165
375
391
294
216
151
449
379
120
398
61
483
425
198
4
291
129
459
432
241
45
166
105
458
255
18
281
14
330
174
224
185
269
273
327
104
218
377
107
505
328
46
122
106
37
426
468
66
389
35
235
29
67
313
512
42
77
301
341
85
149
254
424
118
156
446
207
171
268
399
76
54
488
381
373
422
480
378
288
152
433
386
170
215
202
515
99
168
25
150
226
103
412
485
9
303
130
64
147
146
27
21
82
484
193
95
492
277
441
86
5
200
454
195
30
112
232
310
137
357
430
163
340
125
252
493
178
466
406
26
500
504
370
155
134
506
179
322
153
462
34
154
302
88
6
417
244
81
461
394
71
116
494
282
128
38
507
418
348
237
420
402
44
75
354
364
91
194
80
53
93
404
230
324
275
223
32
133
204
287
428
434
89
175
22
316
240
431
201
63
453
293
209
338
113
321
400
274
13
409
78
395
36
83
41
131
60
228
452
97
335
115
464
382
486
436
471
401
136
191
10
403
448
47
242
388
43
221
342
100
159
498
79
109
205
258
392
369
272
411
356
98
212
334
57
162
246
19
222
429
108
160
450
190
62
283
245
144
317
279
239
74
92
101
385
187
415
489
196
55
142
318
451
314
481
270
333
102
487
414
298
251
325
59
49
157
297
117
343
94
309
234
8
387
437
189
121
110
68
320
12
50
31
495
188
363
319
361
482
70
119
48
474
457
299
427
165
375
391
294
216
151
449
379
120
398
61
483
425
198
4
291
129
459
432
241
45
166
105
458
255
18
281
14
330
174
224
185
269
273
327
104
218
377
107
505
328
46
122
106
37
426
468
66
389
35
235
29
67
313
512
42
77
301
341
85
149
254
424
118
156
446
207
171
268
399
76
54
488
381
373
422
480
378
288
152
433
386
170
215
202
515
99
168
25
150
226
103
412
485
9
303
130
64
147
146
27
21
82
484
193
95
492
277
441
86
5
200
454
195
30
112
232
310
137
357
430
163
340
125
252
493
178
466
406
26
500
504
370
155
134
506
179
322
153
462
34
154
302
88
6
417
244
81
461
394
71
116
494
282
128
38
507
418
348
237
420
402
44
75
354
364
91
194
80
53
93
404
230
324
275
223
32
133
204
287
428
434
89
175
22
316
240
431
201
63
453
293
209
338
113
321
400
274
13
409
78
395
36
83
41
131
60
228
452
97
335
115
464
382
486
436
471
401
136
191
10
403
448
47
242
388
43
221
342
100
159
498
79
109
205
258
392
369
272
411
356
98
212
334
57
162
246
19
222
429
108
160
450
190
62
283
245
144
317
279
239
74
92
101
385
187
415
489
196
55
142
318
451
314
481
270
333
102
487
414
298
251
325
59
49
157
297
117
343
94
309
234
8
387
437
189
121
110
68
320
12
50
31
495
188
363
319
361
482
70
119
48
474
457
299
427
165
375
391
294
216
151
449
379
120
398
61
483
425
198
4
291
129
459
432
241
45
166
105
458
255
18
281
14
330
174
224
185
269
273
327
104
218
377
107
505
328
46
122
106
37
426
468
66
389
35
235
29
67
313
512
42
77
301
341
85
149
254
424
118
156
446
207
171
268
399
76
54
488
381
373
422
480
378
288
152
433
386
170
215
202
515
99
168
25
150
226
103
412
485
9
303
130
64
147
146
27
21
82
484
193
95
492
277
441
86
5
200
454
195
30
112
232
310
137
357
430
163
340
125
252
493
178
466
406
26
500
504
370
155
134
506
179
322
153
462
34
154
302
88
6
417
244
81
461
394
71
116
494
282
128
38
507
418
348
237
420
402
44
75
354
364
91
194
80
53
93
404
230
324
275
223
32
133
204
287
428
434
89
175
22
316
240
431
201
63
453
293
209
338
113
321
400
274
13
409
78
395
36
83
41
131
60
228
452
97
335
115
464
382
486
436
471
401
136
191
10
403
448
47
242
388
43
221
342
100
159
498
79
109
205
258
392
369
272
411
356
98
212
334
57
162
246
19
222
429
108
160
450
190
62
283
245
144
317
279
239
74
92
101
385
187
415
489
196
55
142
318
451
314
481
270
333
102
487
414
298
251
325
59
49
157
297
117
343
94
309
234
8
387
437
189
121
110
68
320
12
50
31
495
188
363
319
361
482
70
119
48
474
457
299
427
165
375
391
294
216
151
449
379
120
398
61
483
425
198
4
291
129
459
432
241
45
166
105
458
255
18
281
14
330
174
224
185
269
273
327
104
218
377
107
505
328
46
122
106
37
426
468
66
389
35
235
29
67
313
512
42
77
301
341
85
149
254
424
118
156
446
207
171
268
399
76
54
488
381
373
422
480
378
288
152
433
386
170
215
202
515
99
168
25
150
226
103
412
485
9
303
130
64
147
146
27
21
82
484
193
95
492
277
441
86
5
200
454
195
30
112
232
310
137
357
430
163
340
125
252
493
178
466
406
26
500
504
370
155
134
506
179
322
153
462
34
154
302
88
6
417
244
81
461
394
71
116
494
282
128
38
507
418
348
237
420
402
44
75
354
364
91
194
80
53
93
404
230
324
275
223
32
133
204
287
428
434
89
175
22
316
240
431
201
63
453
293
209
338
113
321
400
274
13
409
78
395
36
83
41
131
60
228
452
97
335
115
464
382
486
436
471
401
136
191
10
403
448
47
242
388
43
221
342
100
159
498
79
109
205
258
392
369
272
411
356
98
212
334
57
162
246
19
222
429
108
160
450
190
62
283
245
144
317
279
239
74
92
101
385
187
415
489
196
55
142
318
451
314
481
270
333
102
487
414
298
251
325
59
49
157
297
117
343
94
309
234
8
387
437
189
121
110
68
320
12
50
31
495
188
363
319
361
482
70
119
48
474
457
299
427
165
375
391
294
216
151
449
379
120
398
61
483
425
198
4
291
129
459
432
241
45
166
105
458
255
18
281
14
330
174
224
185
269
273
327
104
218
377
107
505
328
46
122
106
37
426
468
66
389
35
235
29
67
313
512
42
77
301
341
85
149
254
424
118
156
446
207
171
268
399
76
54
488
381
373
422
480
378
288
152
433
386
170
215
202
515
99
168
25
150
226
103
412
485
9
303
130
64
147
146
27
21
82
484
193
95
492
277
441
86
5
200
454
195
30
112
232
310
137
357
430
163
340
125
252
493
178
466
406
26
500
504
370
155
134
506
179
322
153
462
34
154
302
88
6
417
244
81
461
394
71
116
494
282
128
38
507
418
348
237
420
402
44
75
354
364
91
194
80
53
93
404
230
324
275
223
32
133
204
287
428
434
89
175
22
316
240
431
201
63
453
293
209
338
113
321
400
274
13
409
78
395
36
83
41
131
60
228
452
97
335
115
464
382
486
436
471
401
136
191
10
403
448
47
242
388
43
221
342
100
159
498
79
109
205
258
392
369
272
411
356
98
212
334
57
162
246
19
222
429
108
160
450
190
62
283
245
144
317
279
239
74
92
101
385
187
415
489
196
55
142
318
451
314
481
270
333
102
487
414
298
251
325
59
49
157
297
117
343
94
309
234
8
387
437
189
121
110
68
320
12
50
31
495
188
363
319
361
482
70
119
48
474
457
299
427
165
375
391
294
216
151
449
379
120
398
61
483
425
198
4
291
129
459
432
241
45
166
105
458
255
18
281
14
330
174
224
185
269
273
327
104
218
377
107
505
328
46
122
106
37
426
468
66
389
35
235
29
67
313
512
42
77
301
341
85
149
254
424
118
156
446
207
171
268
399
76
54
488
381
373
422
480
378
288
152
433
386
170
215
202
515
99
168
25
150
226
103
412
485
9
303
130
64
147
146
27
21
82
484
193
95
492
277
441
86
5
200
454
195
30
112
232
310
137
357
430
163
340
125
252
493
178
466
406
26
500
504
370
155
134
506
179
322
153
462
34
154
302
88
6
417
244
81
461
394
71
116
494
282
128
38
507
418
348
237
420
402
44
75
354
364
91
194
80
53
93
404
230
324
275
223
32
133
204
287
428
434
89
175
22
316
240
431
201
63
453
293
209
338
113
321
400
274
13
409
78
395
36
83
41
131
60
228
452
97
335
115
464
382
486
436
471
401
136
191
10
403
448
47
242
388
43
221
342
100
159
498
79
109
205
258
392
369
272
411
356
98
212
334
57
162
246
19
222
429
108
160
450
190
62
283
245
144
317
279
239
74
92
101
385
187
415
489
196
55
142
318
451
314
481
270
333
102
487
414
298
251
325
59
49
157
297
117
343
94
309
234
8
387
437
189
121
110
68
320
12
50
31
495
188
363
319
361
482
70
119
48
474
457
299
427
165
375
391
294
216
151
449
379
120
398
61
483
425
198
4
291
129
459
432
241
45
166
105
458
255
18
281
14
330
174
224
185
269
273
327
104
218
377
107
505
328
46
122
106
37
426
468
66
389
35
235
29
67
313
512
42
77
301
341
85
149
254
424
118
156
446
207
171
268
399
76
54
488
381
373
422
480
378
288
152
433
386
170
215
202
515
99
168
25
150
226
103
412
485
9
303
130
64
147
146
27
21
82
484
193
95
492
277
441
86
5
200
454
195
30
112
232
310
137
357
430
163
340
125
252
493
178
466
406
26
500
504
370
155
134
506
179
322
153
462
34
154
302
88
6
417
244
81
461
394
71
116
494
282
128
38
507
418
348
237
420
402
44
75
354
364
91
194
80
53
93
404
230
324
275
223
32
133
204
287
428
434
89
175
22
316
240
431
201
63
453
293
209
338
113
321
400
274
13
409
78
395
36
83
41
131
60
228
452
97
335
115
464
382
486
436
471
401
136
191
10
403
448
47
242
388
43
221
342
100
159
498
79
109
205
258
392
369
272
411
356
98
212
334
57
162
246
19
222
429
108
160
450
190
62
283
245
144
317
279
239
74
92
101
385
187
415
489
196
55
142
318
451
314
481
270
333
102
487
414
298
251
325
59
49
157
297
117
343
94
309
234
8
387
437
189
121
110
68
320
12
50
31
495
188
363
319
361
482
70
119
48
474
457
299
427
165
375
391
294
216
151
449
379
120
398
61
483
425
198
4
291
129
459
432
241
45
166
105
458
255
18
281
14
330
174
224
185
269
273
327
104
218
377
107
505
328
46
122
106
37
426
468
66
389
35
235
29
67
313
512
42
77
301
341
85
149
254
424
118
156
446
207
171
268
399
76
54
488
381
373
422
480
378
288
152
433
386
170
215
202
515
99
168
25
150
226
103
412
485
9
303
130
64
147
146
27
21
82
484
193
95
492
277
441
86
5
200
454
195
30
112
232
310
137
357
430
163
340
125
252
493
178
466
406
26
500
504
370
155
134
506
179
322
153
462
34
154
302
88
6
417
244
81
461
394
71
116
494
282
128
38
507
418
348
237
420
402
44
75
354
364
91
194
80
53
93
404
230
324
275
223
32
133
204
287
428
434
89
175
22
316
240
431
201
63
453
293
209
338
113
321
400
274
13
409
78
395
36
83
41
131
60
228
452
97
335
115
464
382
486
436
471
401
136
191
10
403
448
47
242
388
43
221
342
100
159
498
79
109
205
258
392
369
272
411
356
98
212
334
57
162
246
19
222
429
108
160
450
190
62
283
245
144
317
279
239
74
92
101
385
187
415
489
196
55
142
318
451
314
481
270
333
102
487
414
298
251
325
59
49
157
297
117
343
94
309
234
8
387
437
189
121
110
68
320
12
50
31
495
188
363
319
361
482
70
119
48
474
457
299
427
165
375
391
294
216
151
449
379
120
398
61
483
425
198
4
291
129
459
432
241
45
166
105
458
255
18
281
14
330
174
224
185
269
273
327
104
218
377
107
505
328
46
122
106
37
426
468
66
389
35
235
29
67
313
512
42
77
301
341
85
149
254
424
118
156
446
207
171
268
399
76
54
488
381
373
422
480
378
288
152
433
386
170
215
202
515
99
168
25
150
226
103
412
485
9
303
130
64
147
146
27
21
82
484
193
95
492
277
441
86
5
200
454
195
30
112
232
310
137
357
430
163
340
125
252
493
178
466
406
26
500
504
370
155
134
506
179
322
153
462
34
154
302
88
6
417
244
81
461
394
71
116
494
282
128
38
507
418
348
237
420
402
44
75
354
364
91
194
80
53
93
404
230
324
275
223
32
133
204
287
428
434
89
175
22
316
240
431
201
63
453
293
209
338
113
321
400
274
13
409
78
395
36
83
41
131
60
228
452
97
335
115
464
382
486
436
471
401
136
191
10
403
448
47
242
388
43
221
342
100
159
498
79
109
205
258
392
369
272
411
356
98
212
334
57
162
246
19
222
429
108
160
450
190
62
283
245
144
317
279
239
74
92
101
385
187
415
489
196
55
142
318
451
314
481
270
333
102
487
414
298
251
325
59
49
157
297
117
343
94
309
234
8
387
437
189
121
110
68
320
12
50
31
495
188
363
319
361
482
70
119
48
474
457
299
427
165
375
391
294
216
151
449
379
120
398
61
483
425
198
4
291
129
459
432
241
45
166
105
458
255
18
281
14
330
174
224
185
269
273
327
104
218
377
107
505
328
46
122
106
37
426
468
66
389
35
235
29
67
313
512
42
77
301
341
85
149
254
424
118
156
446
207
171
268
399
76
54
488
381
373
422
480
378
288
152
433
386
170
215
202
515
99
168
25
150
226
103
412
485
9
303
130
64
147
146
27
21
82
484
193
95
492
277
441
86
5
200
454
195
30
112
232
310
137
357
430
163
340
125
252
493
178
466
406
26
500
504
370
155
134
506
179
322
153
462
34
154
302
88
6
417
244
81
461
394
71
116
494
282
128
38
507
418
348
237
420
402
44
75
354
364
91
194
80
53
93
404
230
324
275
223
32
133
204
287
428
434
89
175
22
316
240
431
201
63
453
293
209
338
113
321
400
274
13
409
78
395
36
83
41
131
60
228
452
97
335
115
464
382
486
436
471
401
136
191
10
403
448
47
242
388
43
221
342
100
159
498
79
109
205
258
392
369
272
411
356
98
212
334
57
162
246
19
222
429
108
160
450
190
62
283
245
144
317
279
239
74
92
101
385
187
415
489
196
55
142
318
451
314
481
270
333
102
487
414
298
251
325
59
49
157
297
117
343
94
309
234
8
387
437
189
121
110
68
320
12
50
31
495
188
363
319
361
482
70
119
48
474
457
299
427
165
375
391
294
216
151
449
379
120
398
61
483
425
198
4
291
129
459
432
241
45
166
105
458
255
18
281
14
330
174
224
185
269
273
327
104
218
377
107
505
328
46
122
106
37
426
468
66
389
35
235
29
67
313
512
42
77
301
341
85
149
254
424
118
156
446
207
171
268
399
76
54
488
381
373
422
480
378
288
152
433
386
170
215
202
515
99
168
25
150
226
103
412
485
9
303
130
64
147
146
27
21
82
484
193
95
492
277
441
86
5
200
454
195
30
112
232
310
137
357
430
163
340
125
252
493
178
466
406
26
500
504
370
155
134
506
179
322
153
462
34
154
302
88
6
417
244
81
461
394
71
116
494
282
128
38
507
418
348
237
420
402
44
75
354
364
91
194
80
53
93
404
230
324
275
223
32
133
204
287
428
434
89
175
22
316
240
431
201
63
453
293
209
338
113
321
400
274
13
409
78
395
36
83
41
131
60
228
452
97
335
115
464
382
486
436
471
401
136
191
10
403
448
47
242
388
43
221
342
100
159
498
79
109
205
258
392
369
272
411
356
98
212
334
57
162
246
19
222
429
108
160
450
190
62
283
245
144
317
279
239
74
92
101
385
187
415
489
196
55
142
318
451
314
481
270
333
102
487
414
298
251
325
59
49
157
297
117
343
94
309
234
8
387
437
189
121
110
68
320
12
50
31
495
188
363
319
361
482
70
119
48
474
457
299
427
165
375
391
294
216
151
449
379
120
398
61
483
425
198
4
291
129
459
432
241
45
166
105
458
255
18
281
14
330
174
224
185
269
273
327
104
218
377
107
505
328
46
122
106
37
426
468
66
389
35
235
29
67
313
512
42
77
301
341
85
149
254
424
118
156
446
207
171
268
399
76
54
488
381
373
422
480
378
288
152
433
386
170
215
202
515
99
168
25
150
226
103
412
485
9
303
130
64
147
146
27
21
82
484
193
95
492
277
441
86
5
200
454
195
30
112
232
310
137
357
430
163
340
125
252
493
178
466
406
26
500
504
370
155
134
506
179
322
153
462
34
154
302
88
6
417
244
81
461
394
71
116
494
282
128
38
507
418
348
237
420
402
44
75
354
364
91
194
80
53
93
404
230
324
275
223
32
133
204
287
428
434
89
175
22
316
240
431
201
63
453
293
209
338
113
321
400
274
13
409
78
395
36
83
41
131
60
228
452
97
335
115
464
382
486
436
471
401
136
191
10
403
448
47
242
388
43
221
342
100
159
498
79
109
205
258
392
369
272
411
356
98
212
334
57
162
246
19
222
429
108
160
450
190
62
283
245
144
317
279
239
74
92
101
385
187
415
489
196
55
142
318
451
314
481
270
333
102
487
414
298
251
325
59
49
157
297
117
343
94
309
234
8
387
437
189
121
110
68
320
12
50
31
495
188
363
319
361
482
70
119
48
474
457
299
427
165
375
391
294
216
151
449
379
120
398
61
483
425
198
4
291
129
459
432
241
45
166
105
458
255
18
281
14
330
174
224
185
269
273
327
104
218
377
107
505
328
46
122
106
37
426
468
66
389
35
235
29
67
313
512
42
77
301
341
85
149
254
424
118
156
446
207
171
268
399
76
54
488
381
373
422
480
378
288
152
433
386
170
215
202
515
99
168
25
150
226
103
412
485
9
303
130
64
147
146
27
21
82
484
193
95
492
277
441
86
5
200
454
195
30
112
232
310
137
357
430
163
340
125
252
493
178
466
406
26
500
504
370
155
134
506
179
322
153
462
34
154
302
88
6
417
244
81
461
394
71
116
494
282
128
38
507
418
348
237
420
402
44
75
354
364
91
194
80
53
93
404
230
324
275
223
32
133
204
287
428
434
89
175
22
316
240
431
201
63
453
293
209
338
113
321
400
274
13
409
78
395
36
83
41
131
60
228
452
97
335
115
464
382
486
436
471
401
136
191
10
403
448
47
242
388
43
221
342
100
159
498
79
109
205
258
392
369
272
411
356
98
212
334
57
162
246
19
222
429
108
160
450
190
62
283
245
144
317
279
239
74
92
101
385
187
415
489
196
55
142
318
451
314
481
270
333
102
487
414
298
251
325
59
49
157
297
117
343
94
309
234
8
387
437
189
121
110
68
320
12
50
31
495
188
363
319
361
482
70
119
48
474
457
299
427
165
375
391
294
216
151
449
379
120
398
61
483
425
198
4
291
129
459
432
241
45
166
105
458
255
18
281
14
330
174
224
185
269
273
327
104
218
377
107
505
328
46
122
106
37
426
468
66
389
35
235
29
67
313
512
42
77
301
341
85
149
254
424
118
156
446
207
171
268
399
76
54
488
381
373
422
480
378
288
152
433
386
170
215
202
515
99
168
25
150
226
103
412
485
9
303
130
64
147
146
27
21
82
484
193
95
492
277
441
86
5
200
454
195
30
112
232
310
137
357
430
163
340
125
252
493
178
466
406
26
500
504
370
155
134
506
179
322
153
462
34
154
302
88
6
417
244
81
461
394
71
116
494
282
128
38
507
418
348
237
420
402
44
75
354
364
91
194
80
53
93
404
230
324
275
223
32
133
204
287
428
434
89
175
22
316
240
431
201
63
453
293
209
338
113
321
400
274
13
409
78
395
36
83
41
131
60
228
452
97
335
115
464
382
486
436
471
401
136
191
10
403
448
47
242
388
43
221
342
100
159
498
79
109
205
258
392
369
272
411
356
98
212
334
57
162
246
19
222
429
108
160
450
190
62
283
245
144
317
279
239
74
92
101
385
187
415
489
196
55
142
318
451
314
481
270
333
102
487
414
298
251
325
59
49
157
297
117
343
94
309
234
8
387
437
189
121
110
68
320
12
50
31
495
188
363
319
361
482
70
119
48
474
457
299
427
165
375
391
294
216
151
449
379
120
398
61
483
425
198
4
291
129
459
432
241
45
166
105
458
255
18
281
14
330
174
224
185
269
273
327
104
218
377
107
505
328
46
122
106
37
426
468
66
389
35
235
29
67
313
512
42
77
301
341
85
149
254
424
118
156
446
207
171
268
399
76
54
488
381
373
422
480
378
288
152
433
386
170
215
202
515
99
168
25
150
226
103
412
485
9
303
130
64
147
146
27
21
82
484
193
95
492
277
441
86
5
200
454
195
30
112
232
310
137
357
430
163
340
125
252
493
178
466
406
26
500
504
370
155
134
506
179
322
153
462
34
154
302
88
6
417
244
81
461
394
71
116
494
282
128
38
507
418
348
237
420
402
44
75
354
364
91
194
80
53
93
404
230
324
275
223
32
133
204
287
428
434
89
175
22
316
240
431
201
63
453
293
209
338
113
321
400
274
13
409
78
395
36
83
41
131
60
228
452
97
335
115
464
382
486
436
471
401
136
191
10
403
448
47
242
388
43
221
342
100
159
498
79
109
205
258
392
369
272
411
356
98
212
334
57
162
246
19
222
429
108
160
450
190
62
283
245
144
317
279
239
74
92
101
385
187
415
489
196
55
142
318
451
314
481
270
333
102
487
414
298
251
325
59
49
157
297
117
343
94
309
234
8
387
437
189
121
110
68
320
12
50
31
495
188
363
319
361
482
70
119
48
474
457
299
427
165
375
391
294
216
151
449
379
120
398
61
483
425
198
4
291
129
459
432
241
45
166
105
458
255
18
281
14
330
174
224
185
269
273
327
104
218
377
107
505
328
46
122
106
37
426
468
66
389
35
235
29
67
313
512
42
77
301
341
85
149
254
424
118
156
446
207
171
268
399
76
54
488
381
373
422
480
378
288
152
433
386
170
215
202
515
99
168
25
150
226
103
412
485
9
303
130
64
147
146
27
21
82
484
193
95
492
277
441
86
5
200
454
195
30
112
232
310
137
357
430
163
340
125
252
493
178
466
406
26
500
504
370
155
134
506
179
322
153
462
34
154
302
88
6
417
244
81
461
394
71
116
494
282
128
38
507
418
348
237
420
402
44
75
354
364
91
194
80
53
93
404
230
324
275
223
32
133
204
287
428
434
89
175
22
316
240
431
201
63
453
293
209
338
113
321
400
274
13
409
78
395
36
83
41
131
60
228
452
97
335
115
464
382
486
436
471
401
136
191
10
403
448
47
242
388
43
221
342
100
159
498
79
109
205
258
392
369
272
411
356
98
212
334
57
162
246
19
222
429
108
160
450
190
62
283
245
144
317
279
239
74
92
101
385
187
415
489
196
55
142
318
451
314
481
270
333
102
487
414
298
251
325
59
49
157
297
117
343
94
309
234
8
387
437
189
121
110
68
320
12
50
31
495
188
363
319
361
482
70
119
48
474
457
299
427
165
375
391
294
216
151
449
379
120
398
61
483
425
198
4
291
129
459
432
241
45
166
105
458
255
18
281
14
330
174
224
185
269
273
327
104
218
377
107
505
328
46
122
106
37
426
468
66
389
35
235
29
67
313
512
42
77
301
341
85
149
254
424
118
156
446
207
171
268
399
76
54
488
381
373
422
480
378
288
152
433
386
170
215
202
515
99
168
25
150
226
103
412
485
9
303
130
64
147
146
27
21
82
484
193
95
492
277
441
86
5
200
454
195
30
112
232
310
137
357
430
163
340
125
252
493
178
466
406
26
500
504
370
155
134
506
179
322
153
462
34
154
302
88
6
417
244
81
461
394
71
116
494
282
128
38
507
418
348
237
420
402
44
75
354
364
91
194
80
53
93
404
230
324
275
223
32
133
204
287
428
434
89
175
22
316
240
431
201
63
453
293
209
338
113
321
400
274
13
409
78
395
36
83
41
131
60
228
452
97
335
115
464
382
486
436
471
401
136
191
10
403
448
47
242
388
43
221
342
100
159
498
79
109
205
258
392
369
272
411
356
98
212
334
57
162
246
19
222
429
108
160
450
190
62
283
245
144
317
279
239
74
92
101
385
187
415
489
196
55
142
318
451
314
481
270
333
102
487
414
298
251
325
59
49
157
297
117
343
94
309
234
8
387
437
189
121
110
68
320
12
50
31
495
188
363
319
361
482
70
119
48
474
457
299
427
165
375
391
294
216
151
449
379
120
398
61
483
425
198
4
291
129
459
432
241
45
166
105
458
255
18
281
14
330
174
224
185
269
273
327
104
218
377
107
505
328
46
122
106
37
426
468
66
389
35
235
29
67
313
512
42
77
301
341
85
149
254
424
118
156
446
207
171
268
399
76
54
488
381
373
422
480
378
288
152
433
386
170
215
202
515
99
168
25
150
226
103
412
485
9
303
130
64
147
146
27
21
82
484
193
95
492
277
441
86
5
200
454
195
30
112
232
310
137
357
430
163
340
125
252
493
178
466
406
26
500
504
370
155
134
506
179
322
153
462
34
154
302
88
6
417
244
81
461
394
71
116
494
282
128
38
507
418
348
237
420
402
44
75
354
364
91
194
80
53
93
404
230
324
275
223
32
133
204
287
428
434
89
175
22
316
240
431
201
63
453
293
209
338
113
321
400
274
13
409
78
395
36
83
41
131
60
228
452
97
335
115
464
382
486
436
471
401
136
191
10
403
448
47
242
388
43
221
342
100
159
498
79
109
205
258
392
369
272
411
356
98
212
334
57
162
246
19
222
429
108
160
450
190
62
283
245
144
317
279
239
74
92
101
385
187
415
489
196
55
142
318
451
314
481
270
333
102
487
414
298
251
325
59
49
157
297
117
343
94
309
234
8
387
437
189
121
110
68
320
12
50
31
495
188
363
319
361
482
70
119
48
474
457
299
427
165
375
391
294
216
151
449
379
120
398
61
483
425
198
4
291
129
459
432
241
45
166
105
458
255
18
281
14
330
174
224
185
269
273
327
104
218
377
107
505
328
46
122
106
37
426
468
66
389
35
235
29
67
313
512
42
77
301
341
85
149
254
424
118
156
446
207
171
268
399
76
54
488
381
373
422
480
378
288
152
433
386
170
215
202
515
99
168
25
150
226
103
412
485
9
303
130
64
147
146
27
21
82
484
193
95
492
277
441
86
5
200
454
195
30
112
232
310
137
357
430
163
340
125
252
493
178
466
406
26
500
504
370
155
134
506
179
322
153
462
34
154
302
88
6
417
244
81
461
394
71
116
494
282
128
38
507
418
348
237
420
402
44
75
354
364
91
194
80
53
93
404
230
324
275
223
32
133
204
287
428
434
89
175
22
316
240
431
201
63
453
293
209
338
113
321
400
274
13
409
78
395
36
83
41
131
60
228
452
97
335
115
464
382
486
436
471
401
136
191
10
403
448
47
242
388
43
221
342
100
159
498
79
109
205
258
392
369
272
411
356
98
212
334
57
162
246
19
222
429
108
160
450
190
62
283
245
144
317
279
239
74
92
101
385
187
415
489
196
55
142
318
451
314
481
270
333
102
487
414
298
251
325
59
49
157
297
117
343
94
309
234
8
387
437
189
121
110
68
320
12
50
31
495
188
363
319
361
482
70
119
48
474
457
299
427
165
375
391
294
216
151
449
379
120
398
61
483
425
198
4
291
129
459
432
241
45
166
105
458
255
18
281
14
330
174
224
185
269
273
327
104
218
377
107
505
328
46
122
106
37
426
468
66
389
35
235
29
67
313
512
42
77
301
341
85
149
254
424
118
156
446
207
171
268
399
76
54
488
381
373
422
480
378
288
152
433
386
170
215
202
515
99
168
25
150
226
103
412
485
9
303
130
64
147
146
27
21
82
484
193
95
492
277
441
86
5
200
454
195
30
112
232
310
137
357
430
163
340
125
252
493
178
466
406
26
500
504
370
155
134
506
179
322
153
462
34
154
302
88
6
417
244
81
461
394
71
116
494
282
128
38
507
418
348
237
420
402
44
75
354
364
91
194
80
53
93
404
230
324
275
223
32
133
204
287
428
434
89
175
22
316
240
431
201
63
453
293
209
338
113
321
400
274
13
409
78
395
36
83
41
131
60
228
452
97
335
115
464
382
486
436
471
401
136
191
10
403
448
47
242
388
43
221
342
100
159
498
79
109
205
258
392
369
272
411
356
98
212
334
57
162
246
19
222
429
108
160
450
190
62
283
245
144
317
279
239
74
92
101
385
187
415
489
196
55
142
318
451
314
481
270
333
102
487
414
298
251
325
59
49
157
297
117
343
94
309
234
8
387
437
189
121
110
68
320
12
50
31
495
188
363
319
361
482
70
119
48
474
457
299
427
165
375
391
294
216
151
449
379
120
398
61
483
425
198
4
291
129
459
432
241
45
166
105
458
255
18
281
14
330
174
224
185
269
273
327
104
218
377
107
505
328
46
122
106
37
426
468
66
389
35
235
29
67
313
512
42
77
301
341
85
149
254
424
118
156
446
207
171
268
399
76
54
488
381
373
422
480
378
288
152
433
386
170
215
202
515
99
168
25
150
226
103
412
485
9
303
130
64
147
146
27
21
82
484
193
95
492
277
441
86
5
200
454
195
30
112
232
310
137
357
430
163
340
125
252
493
178
466
406
26
500
504
370
155
134
506
179
322
153
462
34
154
302
88
6
417
244
81
461
394
71
116
494
282
128
38
507
418
348
237
420
402
44
75
354
364
91
194
80
53
93
404
230
324
275
223
32
133
204
287
428
434
89
175
22
316
240
431
201
63
453
293
209
338
113
321
400
274
13
409
78
395
36
83
41
131
60
228
452
97
335
115
464
382
486
436
471
401
136
191
10
403
448
47
242
388
43
221
342
100
159
498
79
109
205
258
392
369
272
411
356
98
212
334
57
162
246
19
222
429
108
160
450
190
62
283
245
144
317
279
239
74
92
101
385
187
415
489
196
55
142
318
451
314
481
270
333
102
487
414
298
251
325
59
49
157
297
117
343
94
309
234
8
387
437
189
121
110
68
320
12
50
31
495
188
363
319
361
482
70
119
48
474
457
299
427
165
375
391
294
216
151
449
379
120
398
61
483
425
198
4
291
129
459
432
241
45
166
105
458
255
18
281
14
330
174
224
185
269
273
327
104
218
377
107
505
328
46
122
106
37
426
468
66
389
35
235
29
67
313
512
42
77
301
341
85
149
254
424
118
156
446
207
171
268
399
76
54
488
381
373
422
480
378
288
152
433
386
170
215
202
515
99
168
25
150
226
103
412
485
9
303
130
64
147
146
27
21
82
484
193
95
492
277
441
86
5
200
454
195
30
112
232
310
137
357
430
163
340
125
252
493
178
466
406
26
500
504
370
155
134
506
179
322
153
462
34
154
302
88
6
417
244
81
461
394
71
116
494
282
128
38
507
418
348
237
420
402
44
75
354
364
91
194
80
53
93
404
230
324
275
223
32
133
204
287
428
434
89
175
22
316
240
431
201
63
453
293
209
338
113
321
400
274
13
409
78
395
36
83
41
131
60
228
452
97
335
115
464
382
486
436
471
401
136
191
10
403
448
47
242
388
43
221
342
100
159
498
79
109
205
258
392
369
272
411
356
98
212
334
57
162
246
19
222
429
108
160
450
190
62
283
245
144
317
279
239
74
92
101
385
187
415
489
196
55
142
318
451
314
481
270
333
102
487
414
298
251
325
59
49
157
297
117
343
94
309
234
8
387
437
189
121
110
68
320
12
50
31
495
188
363
319
361
482
70
119
48
474
457
299
427
165
375
391
294
216
151
449
379
120
398
61
483
425
198
4
291
129
459
432
241
45
166
105
458
255
18
281
14
330
174
224
185
269
273
327
104
218
377
107
505
328
46
122
106
37
426
468
66
389
35
235
29
67
313
512
42
77
301
341
85
149
254
424
118
156
446
207
171
268
399
76
54
488
381
373
422
480
378
288
152
433
386
170
215
202
515
99
168
25
150
226
103
412
485
9
303
130
64
147
146
27
21
82
484
193
95
492
277
441
86
5
200
454
195
30
112
232
310
137
357
430
163
340
125
252
493
178
466
406
26
500
504
370
155
134
506
179
322
153
462
34
154
302
88
6
417
244
81
461
394
71
116
494
282
128
38
507
418
348
237
420
402
44
75
354
364
91
194
80
53
93
404
230
324
275
223
32
133
204
287
428
434
89
175
22
316
240
431
201
63
453
293
209
338
113
321
400
274
13
409
78
395
36
83
41
131
60
228
452
97
335
115
464
382
486
436
471
401
136
191
10
403
448
47
242
388
43
221
342
100
159
498
79
109
205
258
392
369
272
411
356
98
212
334
57
162
246
19
222
429
108
160
450
190
62
283
245
144
317
279
239
74
92
101
385
187
415
489
196
55
142
318
451
314
481
270
333
102
487
414
298
251
325
59
49
157
297
117
343
94
309
234
8
387
437
189
121
110
68
320
12
50
31
495
188
363
319
361
482
70
119
48
474
457
299
427
165
375
391
294
216
151
449
379
120
398
61
483
425
198
4
291
129
459
432
241
45
166
105
458
255
18
281
14
330
174
224
185
269
273
327
104
218
377
107
505
328
46
122
106
37
426
468
66
389
35
235
29
67
313
512
42
77
301
341
85
149
254
424
118
156
446
207
171
268
399
76
54
488
381
373
422
480
378
288
152
433
386
170
215
202
515
99
168
25
150
226
103
412
485
9
303
130
64
147
146
27
21
82
484
193
95
492
277
441
86
5
200
454
195
30
112
232
310
137
357
430
163
340
125
252
493
178
466
406
26
500
504
370
155
134
506
179
322
153
462
34
154
302
88
6
417
244
81
461
394
71
116
494
282
128
38
507
418
348
237
420
402
44
75
354
364
91
194
80
53
93
404
230
324
275
223
32
133
204
287
428
434
89
175
22
316
240
431
201
63
453
293
209
338
113
321
400
274
13
409
78
395
36
83
41
131
60
228
452
97
335
115
464
382
486
436
471
401
136
191
10
403
448
47
242
388
43
221
342
100
159
498
79
109
205
258
392
369
272
411
356
98
212
334
57
162
246
19
222
429
108
160
450
190
62
283
245
144
317
279
239
74
92
101
385
187
415
489
196
55
142
318
451
314
481
270
333
102
487
414
298
251
325
59
49
157
297
117
343
94
309
234
8
387
437
189
121
110
68
320
12
50
31
495
188
363
319
361
482
70
119
48
474
457
299
427
165
375
391
294
216
151
449
379
120
398
61
483
425
198
4
291
129
459
432
241
45
166
105
458
255
18
281
14
330
174
224
185
269
273
327
104
218
377
107
505
328
46
122
106
37
426
468
66
389
35
235
29
67
313
512
42
77
301
341
85
149
254
424
118
156
446
207
171
268
399
76
54
488
381
373
422
480
378
288
152
433
386
170
215
202
515
99
168
25
150
226
103
412
485
9
303
130
64
147
146
27
21
82
484
193
95
492
277
441
86
5
200
454
195
30
112
232
310
137
357
430
163
340
125
252
493
178
466
406
26
500
504
370
155
134
506
179
322
153
462
34
154
302
88
6
417
244
81
461
394
71
116
494
282
128
38
507
418
348
237
420
402
44
75
354
364
91
194
80
53
93
404
230
324
275
223
32
133
204
287
428
434
89
175
22
316
240
431
201
63
453
293
209
338
113
321
400
274
13
409
78
395
36
83
41
131
60
228
452
97
335
115
464
382
486
436
471
401
136
191
10
403
448
47
242
388
43
221
342
100
159
498
79
109
205
258
392
369
272
411
356
98
212
334
57
162
246
19
222
429
108
160
450
190
62
283
245
144
317
279
239
74
92
101
385
187
415
489
196
55
142
318
451
314
481
270
333
102
487
414
298
251
325
59
49
157
297
117
343
94
309
234
8
387
437
189
121
110
68
320
12
50
31
495
188
363
319
361
482
70
119
48
474
457
299
427
165
375
391
294
216
151
449
379
120
398
61
483
425
198
4
291
129
459
432
241
45
166
105
458
255
18
281
14
330
174
224
185
269
273
327
104
218
377
107
505
328
46
122
106
37
426
468
66
389
35
235
29
67
313
512
42
77
301
341
85
149
254
424
118
156
446
207
171
268
399
76
54
488
381
373
422
480
378
288
152
433
386
170
215
202
515
99
168
25
150
226
103
412
485
9
303
130
64
147
146
27
21
82
484
193
95
492
277
441
86
5
200
454
195
30
112
232
310
137
357
430
163
340
125
252
493
178
466
406
26
500
504
370
155
134
506
179
322
153
462
34
154
302
88
6
417
244
81
461
394
71
116
494
282
128
38
507
418
348
237
420
402
44
75
354
364
91
194
80
53
93
404
230
324
275
223
32
133
204
287
428
434
89
175
22
316
240
431
201
63
453
293
209
338
113
321
400
274
13
409
78
395
36
83
41
131
60
228
452
97
335
115
464
382
486
436
471
401
136
191
10
403
448
47
242
388
43
221
342
100
159
498
79
109
205
258
392
369
272
411
356
98
212
334
57
162
246
19
222
429
108
160
450
190
62
283
245
144
317
279
239
74
92
101
385
187
415
489
196
55
142
318
451
314
481
270
333
102
487
414
298
251
325
59
49
157
297
117
343
94
309
234
8
387
437
189
121
110
68
320
12
50
31
495
188
363
319
361
482
70
119
48
474
457
299
427
165
375
391
294
216
151
449
379
120
398
61
483
425
198
4
291
129
459
432
241
45
166
105
458
255
18
281
14
330
174
224
185
269
273
327
104
218
377
107
505
328
46
122
106
37
426
468
66
389
35
235
29
67
313
512
42
77
301
341
85
149
254
424
118
156
446
207
171
268
399
76
54
488
381
373
422
480
378
288
152
433
386
170
215
202
515
99
168
25
150
226
103
412
485
9
303
130
64
147
146
27
21
82
484
193
95
492
277
441
86
5
200
454
195
30
112
232
310
137
357
430
163
340
125
252
493
178
466
406
26
500
504
370
155
134
506
179
322
153
462
34
154
302
88
6
417
244
81
461
394
71
116
494
282
128
38
507
418
348
237
420
402
44
75
354
364
91
194
80
53
93
404
230
324
275
223
32
133
204
287
428
434
89
175
22
316
240
431
201
63
453
293
209
338
113
321
400
274
13
409
78
395
36
83
41
131
60
228
452
97
335
115
464
382
486
436
471
401
136
191
10
403
448
47
242
388
43
221
342
100
159
498
79
109
205
258
392
369
272
411
356
98
212
334
57
162
246
19
222
429
108
160
450
190
62
283
245
144
317
279
239
74
92
101
385
187
415
489
196
55
142
318
451
314
481
270
333
102
487
414
298
251
325
59
49
157
297
117
343
94
309
234
8
387
437
189
121
110
68
320
12
50
31
495
188
363
319
361
482
70
119
48
474
457
299
427
165
375
391
294
216
151
449
379
120
398
61
483
425
198
4
291
129
459
432
241
45
166
105
458
255
18
281
14
330
174
224
185
269
273
327
104
218
377
107
505
328
46
122
106
37
426
468
66
389
35
235
29
67
313
512
42
77
301
341
85
149
254
424
118
156
446
207
171
268
399
76
54
488
381
373
422
480
378
288
152
433
386
170
215
202
515
99
168
25
150
226
103
412
485
9
303
130
64
147
146
27
21
82
484
193
95
492
277
441
86
5
200
454
195
30
112
232
310
137
357
430
163
340
125
252
493
178
466
406
26
500
504
370
155
134
506
179
322
153
462
34
154
302
88
6
417
244
81
461
394
71
116
494
282
128
38
507
418
348
237
420
402
44
75
354
364
91
194
80
53
93
404
230
324
275
223
32
133
204
287
428
434
89
175
22
316
240
431
201
63
453
293
209
338
113
321
400
274
13
409
78
395
36
83
41
131
60
228
452
97
335
115
464
382
486
436
471
401
136
191
10
403
448
47
242
388
43
221
342
100
159
498
79
109
205
258
392
369
272
411
356
98
212
334
57
162
246
19
222
429
108
160
450
190
62
283
245
144
317
279
239
74
92
101
385
187
415
489
196
55
142
318
451
314
481
270
333
102
487
414
298
251
325
59
49
157
297
117
343
94
309
234
8
387
437
189
121
110
68
320
12
50
31
495
188
363
319
361
482
70
119
48
474
457
299
427
165
375
391
294
216
151
449
379
120
398
61
483
425
198
4
291
129
459
432
241
45
166
105
458
255
18
281
14
330
174
224
185
269
273
327
104
218
377
107
505
328
46
122
106
37
426
468
66
389
35
235
29
67
313
512
42
77
301
341
85
149
254
424
118
156
446
207
171
268
399
76
54
488
381
373
422
480
378
288
152
433
386
170
215
202
515
99
168
25
150
226
103
412
485
9
303
130
64
147
146
27
21
82
484
193
95
492
277
441
86
5
200
454
195
30
112
232
310
137
357
430
163
340
125
252
493
178
466
406
26
500
504
370
155
134
506
179
322
153
462
34
154
302
88
6
417
244
81
461
394
71
116
494
282
128
38
507
418
348
237
420
402
44
75
354
364
91
194
80
53
93
404
230
324
275
223
32
133
204
287
428
434
89
175
22
316
240
431
201
63
453
293
209
338
113
321
400
274
13
409
78
395
36
83
41
131
60
228
452
97
335
115
464
382
486
436
471
401
136
191
10
403
448
47
242
388
43
221
342
100
159
498
79
109
205
258
392
369
272
411
356
98
212
334
57
162
246
19
222
429
108
160
450
190
62
283
245
144
317
279
239
74
92
101
385
187
415
489
196
55
142
318
451
314
481
270
333
102
487
414
298
251
325
59
49
157
297
117
343
94
309
234
8
387
437
189
121
110
68
320
12
50
31
495
188
363
319
361
482
70
119
48
474
457
299
427
165
375
391
294
216
151
449
379
120
398
61
483
425
198
4
291
129
459
432
241
45
166
105
458
255
18
281
14
330
174
224
185
269
273
327
104
218
377
107
505
328
46
122
106
37
426
468
66
389
35
235
29
67
313
512
42
77
301
341
85
149
254
424
118
156
446
207
171
268
399
76
54
488
381
373
422
480
378
288
152
433
386
170
215
202
515
99
168
25
150
226
103
412
485
9
303
130
64
147
146
27
21
82
484
193
95
492
277
441
86
5
200
454
195
30
112
232
310
137
357
430
163
340
125
252
493
178
466
406
26
500
504
370
155
134
506
179
322
153
462
34
154
302
88
6
417
244
81
461
394
71
116
494
282
128
38
507
418
348
237
420
402
44
75
354
364
91
194
80
53
93
404
230
324
275
223
32
133
204
287
428
434
89
175
22
316
240
431
201
63
453
293
209
338
113
321
400
274
13
409
78
395
36
83
41
131
60
228
452
97
335
115
464
382
486
436
471
401
136
191
10
403
448
47
242
388
43
221
342
100
159
498
79
109
205
258
392
369
272
411
356
98
212
334
57
162
246
19
222
429
108
160
450
190
62
283
245
144
317
279
239
74
92
101
385
187
415
489
196
55
142
318
451
314
481
270
333
102
487
414
298
251
325
59
49
157
297
117
343
94
309
234
8
387
437
189
121
110
68
320
12
50
31
495
188
363
319
361
482
70
119
48
474
457
299
427
165
375
391
294
216
151
449
379
120
398
61
483
425
198
4
291
129
459
432
241
45
166
105
458
255
18
281
14
330
174
224
185
269
273
327
104
218
377
107
505
328
46
122
106
37
426
468
66
389
35
235
29
67
313
512
42
77
301
341
85
149
254
424
118
156
446
207
171
268
399
76
54
488
381
373
422
480
378
288
152
433
386
170
215
202
515
99
168
25
150
226
103
412
485
9
303
130
64
147
146
27
21
82
484
193
95
492
277
441
86
5
200
454
195
30
112
232
310
137
357
430
163
340
125
252
493
178
466
406
26
500
504
370
155
134
506
179
322
153
462
34
154
302
88
6
417
244
81
461
394
71
116
494
282
128
38
507
418
348
237
420
402
44
75
354
364
91
194
80
53
93
404
230
324
275
223
32
133
204
287
428
434
89
175
22
316
240
431
201
63
453
293
209
338
113
321
400
274
13
409
78
395
36
83
41
131
60
228
452
97
335
115
464
382
486
436
471
401
136
191
10
403
448
47
242
388
43
221
342
100
159
498
79
109
205
258
392
369
272
411
356
98
212
334
57
162
246
19
222
429
108
160
450
190
62
283
245
144
317
279
239
74
92
101
385
187
415
489
196
55
142
318
451
314
481
270
333
102
487
414
298
251
325
59
49
157
297
117
343
94
309
234
8
387
437
189
121
110
68
320
12
50
31
495
188
363
319
361
482
70
119
48
474
457
299
427
165
375
391
294
216
151
449
379
120
398
61
483
425
198
4
291
129
459
432
241
45
166
105
458
255
18
281
14
330
174
224
185
269
273
327
104
218
377
107
505
328
46
122
106
37
426
468
66
389
35
235
29
67
313
512
42
77
301
341
85
149
254
424
118
156
446
207
171
268
399
76
54
488
381
373
422
480
378
288
152
433
386
170
215
202
515
99
168
25
150
226
103
412
485
9
303
130
64
147
146
27
21
82
484
193
95
492
277
441
86
5
200
454
195
30
112
232
310
137
357
430
163
340
125
252
493
178
466
406
26
500
504
370
155
134
506
179
322
153
462
34
154
302
88
6
417
244
81
461
394
71
116
494
282
128
38
507
418
348
237
420
402
44
75
354
364
91
194
80
53
93
404
230
324
275
223
32
133
204
287
428
434
89
175
22
316
240
431
201
63
453
293
209
338
113
321
400
274
13
409
78
395
36
83
41
131
60
228
452
97
335
115
464
382
486
436
471
401
136
191
10
403
448
47
242
388
43
221
342
100
159
498
79
109
205
258
392
369
272
411
356
98
212
334
57
162
246
19
222
429
108
160
450
190
62
283
245
144
317
279
239
74
92
101
385
187
415
489
196
55
142
318
451
314
481
270
333
102
487
414
298
251
325
59
49
157
297
117
343
94
309
234
8
387
437
189
121
110
68
320
12
50
31
495
188
363
319
361
482
70
119
48
474
457
299
427
165
375
391
294
216
151
449
379
120
398
61
483
425
198
4
291
129
459
432
241
45
166
105
458
255
18
281
14
330
174
224
185
269
273
327
104
218
377
107
505
328
46
122
106
37
426
468
66
389
35
235
29
67
313
512
42
77
301
341
85
149
254
424
118
156
446
207
171
268
399
76
54
488
381
373
422
480
378
288
152
433
386
170
215
202
515
99
168
25
150
226
103
412
485
9
303
130
64
147
146
27
21
82
484
193
95
492
277
441
86
5
200
454
195
30
112
232
310
137
357
430
163
340
125
252
493
178
466
406
26
500
504
370
155
134
506
179
322
153
462
34
154
302
88
6
417
244
81
461
394
71
116
494
282
128
38
507
418
348
237
420
402
44
75
354
364
91
194
80
53
93
404
230
324
275
223
32
133
204
287
428
434
89
175
22
316
240
431
201
63
453
293
209
338
113
321
400
274
13
409
78
395
36
83
41
131
60
228
452
97
335
115
464
382
486
436
471
401
136
191
10
403
448
47
242
388
43
221
342
100
159
498
79
109
205
258
392
369
272
411
356
98
212
334
57
162
246
19
222
429
108
160
450
190
62
283
245
144
317
279
239
74
92
101
385
187
415
489
196
55
142
318
451
314
481
270
333
102
487
414
298
251
325
59
49
157
297
117
343
94
309
234
8
387
437
189
121
110
68
320
12
50
31
495
188
363
319
361
482
70
119
48
474
457
299
427
165
375
391
294
216
151
449
379
120
398
61
483
425
198
4
291
129
459
432
241
45
166
105
458
255
18
281
14
330
174
224
185
269
273
327
104
218
377
107
505
328
46
122
106
37
426
468
66
389
35
235
29
67
313
512
42
77
301
341
85
149
254
424
118
156
446
207
171
268
399
76
54
488
381
373
422
480
378
288
152
433
386
170
215
202
515
99
168
25
150
226
103
412
485
9
303
130
64
147
146
27
21
82
484
193
95
492
277
441
86
5
200
454
195
30
112
232
310
137
357
430
163
340
125
252
493
178
466
406
26
500
504
370
155
134
506
179
322
153
462
34
154
302
88
6
417
244
81
461
394
71
116
494
282
128
38
507
418
348
237
420
402
44
75
354
364
91
194
80
53
93
404
230
324
275
223
32
133
204
287
428
434
89
175
22
316
240
431
201
63
453
293
209
338
113
321
400
274
13
409
78
395
36
83
41
131
60
228
452
97
335
115
464
382
486
436
471
401
136
191
10
403
448
47
242
388
43
221
342
100
159
498
79
109
205
258
392
369
272
411
356
98
212
334
57
162
246
19
222
429
108
160
450
190
62
283
245
144
317
279
239
74
92
101
385
187
415
489
196
55
142
318
451
314
481
270
333
102
487
414
298
251
325
59
49
157
297
117
343
94
309
234
8
387
437
189
121
110
68
320
12
50
31
495
188
363
319
361
482
70
119
48
474
457
299
427
165
375
391
294
216
151
449
379
120
398
61
483
425
198
4
291
129
459
432
241
45
166
105
458
255
18
281
14
330
174
224
185
269
273
327
104
218
377
107
505
328
46
122
106
37
426
468
66
389
35
235
29
67
313
512
42
77
301
341
85
149
254
424
118
156
446
207
171
268
399
76
54
488
381
373
422
480
378
288
152
433
386
170
215
202
515
99
168
25
150
226
103
412
485
9
303
130
64
147
146
27
21
82
484
193
95
492
277
441
86
5
200
454
195
30
112
232
310
137
357
430
163
340
125
252
493
178
466
406
26
500
504
370
155
134
506
179
322
153
462
34
154
302
88
6
417
244
81
461
394
71
116
494
282
128
38
507
418
348
237
420
402
44
75
354
364
91
194
80
53
93
404
230
324
275
223
32
133
204
287
428
434
89
175
22
316
240
431
201
63
453
293
209
338
113
321
400
274
13
409
78
395
36
83
41
131
60
228
452
97
335
115
464
382
486
436
471
401
136
191
10
403
448
47
242
388
43
221
342
100
159
498
79
109
205
258
392
369
272
411
356
98
212
334
57
162
246
19
222
429
108
160
450
190
62
283
245
144
317
279
239
74
92
101
385
187
415
489
196
55
142
318
451
314
481
270
333
102
487
414
298
251
325
59
49
157
297
117
343
94
309
234
8
387
437
189
121
110
68
320
12
50
31
495
188
363
319
361
482
70
119
48
474
457
299
427
165
375
391
294
216
151
449
379
120
398
61
483
425
198
4
291
129
459
432
241
45
166
105
458
255
18
281
14
330
174
224
185
269
273
327
104
218
377
107
505
328
46
122
106
37
426
468
66
389
35
235
29
67
313
512
42
77
301
341
85
149
254
424
118
156
446
207
171
268
399
76
54
488
381
373
422
480
378
288
152
433
386
170
215
202
515
99
168
25
150
226
103
412
485
9
303
130
64
147
146
27
21
82
484
193
95
492
277
441
86
5
200
454
195
30
112
232
310
137
357
430
163
340
125
252
493
178
466
406
26
500
504
370
155
134
506
179
322
153
462
34
154
302
88
6
417
244
81
461
394
71
116
494
282
128
38
507
418
348
237
420
402
44
75
354
364
91
194
80
53
93
404
230
324
275
223
32
133
204
287
428
434
89
175
22
316
240
431
201
63
453
293
209
338
113
321
400
274
13
409
78
395
36
83
41
131
60
228
452
97
335
115
464
382
486
436
471
401
136
191
10
403
448
47
242
388
43
221
342
100
159
498
79
109
205
258
392
369
272
411
356
98
212
334
57
162
246
19
222
429
108
160
450
190
62
283
245
144
317
279
239
74
92
101
385
187
415
489
196
55
142
318
451
314
481
270
333
102
487
414
298
251
325
59
49
157
297
117
343
94
309
234
8
387
437
189
121
110
68
320
12
50
31
495
188
363
319
361
482
70
119
48
474
457
299
427
165
375
391
294
216
151
449
379
120
398
61
483
425
198
4
291
129
459
432
241
45
166
105
458
255
18
281
14
330
174
224
185
269
273
327
104
218
377
107
505
328
46
122
106
37
426
468
66
389
35
235
29
67
313
512
42
77
301
341
85
149
254
424
118
156
446
207
171
268
399
76
54
488
381
373
422
480
378
288
152
433
386
170
215
202
515
99
168
25
150
226
103
412
485
9
303
130
64
147
146
27
21
82
484
193
95
492
277
441
86
5
200
454
195
30
112
232
310
137
357
430
163
340
125
252
493
178
466
406
26
500
504
370
155
134
506
179
322
153
462
34
154
302
88
6
417
244
81
461
394
71
116
494
282
128
38
507
418
348
237
420
402
44
75
354
364
91
194
80
53
93
404
230
324
275
223
32
133
204
287
428
434
89
175
22
316
240
431
201
63
453
293
209
338
113
321
400
274
13
409
78
395
36
83
41
131
60
228
452
97
335
115
464
382
486
436
471
401
136
191
10
403
448
47
242
388
43
221
342
100
159
498
79
109
205
258
392
369
272
411
356
98
212
334
57
162
246
19
222
429
108
160
450
190
62
283
245
144
317
279
239
74
92
101
385
187
415
489
196
55
142
318
451
314
481
270
333
102
487
414
298
251
325
59
49
157
297
117
343
94
309
234
8
387
437
189
121
110
68
320
12
50
31
495
188
363
319
361
482
70
119
48
474
457
299
427
165
375
391
294
216
151
449
379
120
398
61
483
425
198
4
291
129
459
432
241
45
166
105
458
255
18
281
14
330
174
224
185
269
273
327
104
218
377
107
505
328
46
122
106
37
426
468
66
389
35
235
29
67
313
512
42
77
301
341
85
149
254
424
118
156
446
207
171
268
399
76
54
488
381
373
422
480
378
288
152
433
386
170
215
202
515
99
168
25
150
226
103
412
485
9
303
130
64
147
146
27
21
82
484
193
95
492
277
441
86
5
200
454
195
30
112
232
310
137
357
430
163
340
125
252
493
178
466
406
26
500
504
370
155
134
506
179
322
153
462
34
154
302
88
6
417
244
81
461
394
71
116
494
282
128
38
507
418
348
237
420
402
44
75
354
364
91
194
80
53
93
404
230
324
275
223
32
133
204
287
428
434
89
175
22
316
240
431
201
63
453
293
209
338
113
321
400
274
13
409
78
395
36
83
41
131
60
228
452
97
335
115
464
382
486
436
471
401
136
191
10
403
448
47
242
388
43
221
342
100
159
498
79
109
205
258
392
369
272
411
356
98
212
334
57
162
246
19
222
429
108
160
450
190
62
283
245
144
317
279
239
74
92
101
385
187
415
489
196
55
142
318
451
314
481
270
333
102
487
414
298
251
325
59
49
157
297
117
343
94
309
234
8
387
437
189
121
110
68
320
12
50
31
495
188
363
319
361
482
70
119
48
474
457
299
427
165
375
391
294
216
151
449
379
120
398
61
483
425
198
4
291
129
459
432
241
45
166
105
458
255
18
281
14
330
174
224
185
269
273
327
104
218
377
107
505
328
46
122
106
37
426
468
66
389
35
235
29
67
313
512
42
77
301
341
85
149
254
424
118
156
446
207
171
268
399
76
54
488
381
373
422
480
378
288
152
433
386
170
215
202
515
99
168
25
150
226
103
412
485
9
303
130
64
147
146
27
21
82
484
193
95
492
277
441
86
5
200
454
195
30
112
232
310
137
357
430
163
340
125
252
493
178
466
406
26
500
504
370
155
134
506
179
322
153
462
34
154
302
88
6
417
244
81
461
394
71
116
494
282
128
38
507
418
348
237
420
402
44
75
354
364
91
194
80
53
93
404
230
324
275
223
32
133
204
287
428
434
89
175
22
316
240
431
201
63
453
293
209
338
113
321
400
274
13
409
78
395
36
83
41
131
60
228
452
97
335
115
464
382
486
436
471
401
136
191
10
403
448
47
242
388
43
221
342
100
159
498
79
109
205
258
392
369
272
411
356
98
212
334
57
162
246
19
222
429
108
160
450
190
62
283
245
144
317
279
239
74
92
101
385
187
415
489
196
55
142
318
451
314
481
270
333
102
487
414
298
251
325
59
49
157
297
117
343
94
309
234
8
387
437
189
121
110
68
320
12
50
31
495
188
363
319
361
482
70
119
48
474
457
299
427
165
375
391
294
216
151
449
379
120
398
61
483
425
198
4
291
129
459
432
241
45
166
105
458
255
18
281
14
330
174
224
185
269
273
327
104
218
377
107
505
328
46
122
106
37
426
468
66
389
35
235
29
67
313
512
42
77
301
341
85
149
254
424
118
156
446
207
171
268
399
76
54
488
381
373
422
480
378
288
152
433
386
170
215
202
515
99
168
25
150
226
103
412
485
9
303
130
64
147
146
27
21
82
484
193
95
492
277
441
86
5
200
454
195
30
112
232
310
137
357
430
163
340
125
252
493
178
466
406
26
500
504
370
155
134
506
179
322
153
462
34
154
302
88
6
417
244
81
461
394
71
116
494
282
128
38
507
418
348
237
420
402
44
75
354
364
91
194
80
53
93
404
230
324
275
223
32
133
204
287
428
434
89
175
22
316
240
431
201
63
453
293
209
338
113
321
400
274
13
409
78
395
36
83
41
131
60
228
452
97
335
115
464
382
486
436
471
401
136
191
10
403
448
47
242
388
43
221
342
100
159
498
79
109
205
258
392
369
272
411
356
98
212
334
57
162
246
19
222
429
108
160
450
190
62
283
245
144
317
279
239
74
92
101
385
187
415
489
196
55
142
318
451
314
481
270
333
102
487
414
298
251
325
59
49
157
297
117
343
94
309
234
8
387
437
189
121
110
68
320
12
50
31
495
188
363
319
361
482
70
119
48
474
457
299
427
165
375
391
294
216
151
449
379
120
398
61
483
425
198
4
291
129
459
432
241
45
166
105
458
255
18
281
14
330
174
224
185
269
273
327
104
218
377
107
505
328
46
122
106
37
426
468
66
389
35
235
29
67
313
512
42
77
301
341
85
149
254
424
118
156
446
207
171
268
399
76
54
488
381
373
422
480
378
288
152
433
386
170
215
202
515
99
168
25
150
226
103
412
485
9
303
130
64
147
146
27
21
82
484
193
95
492
277
441
86
5
200
454
195
30
112
232
310
137
357
430
163
340
125
252
493
178
466
406
26
500
504
370
155
134
506
179
322
153
462
34
154
302
88
6
417
244
81
461
394
71
116
494
282
128
38
507
418
348
237
420
402
44
75
354
364
91
194
80
53
93
404
230
324
275
223
32
133
204
287
428
434
89
175
22
316
240
431
201
63
453
293
209
338
113
321
400
274
13
409
78
395
36
83
41
131
60
228
452
97
335
115
464
382
486
436
471
401
136
191
10
403
448
47
242
388
43
221
342
100
159
498
79
109
205
258
392
369
272
411
356
98
212
334
57
162
246
19
222
429
108
160
450
190
62
283
245
144
317
279
239
74
92
101
385
187
415
489
196
55
142
318
451
314
481
270
333
102
487
414
298
251
325
59
49
157
297
117
343
94
309
234
8
387
437
189
121
110
68
320
12
50
31
495
188
363
319
361
482
70
119
48
474
457
299
427
165
375
391
294
216
151
449
379
120
398
61
483
425
198
4
291
129
459
432
241
45
166
105
458
255
18
281
14
330
174
224
185
269
273
327
104
218
377
107
505
328
46
122
106
37
426
468
66
389
35
235
29
67
313
512
42
77
301
341
85
149
254
424
118
156
446
207
171
268
399
76
54
488
381
373
422
480
378
288
152
433
386
170
215
202
515
99
168
25
150
226
103
412
485
9
303
130
64
147
146
27
21
82
484
193
95
492
277
441
86
5
200
454
195
30
112
232
310
137
357
430
163
340
125
252
493
178
466
406
26
500
504
370
155
134
506
179
322
153
462
34
154
302
88
6
417
244
81
461
394
71
116
494
282
128
38
507
418
348
237
420
402
44
75
354
364
91
194
80
53
93
404
230
324
275
223
32
133
204
287
428
434
89
175
22
316
240
431
201
63
453
293
209
338
113
321
400
274
13
409
78
395
36
83
41
131
60
228
452
97
335
115
464
382
486
436
471
401
136
191
10
403
448
47
242
388
43
221
342
100
159
498
79
109
205
258
392
369
272
411
356
98
212
334
57
162
246
19
222
429
108
160
450
190
62
283
245
144
317
279
239
74
92
101
385
187
415
489
196
55
142
318
