59
1
80
286
245
201
159
42
193
40
59
1
80
286
245
201
159
42
193
40
59
1
80
286
245
201
159
42
193
40
59
1
80
286
245
201
159
42
193
40
59
1
80
286
245
201
159
42
193
40
59
1
80
286
245
201
159
42
193
40
59
1
80
286
245
201
159
42
193
40
59
1
80
286
245
201
159
42
193
40
59
1
80
286
245
201
159
42
193
40
59
1
80
286
245
201
159
42
193
40
59
1
80
286
245
201
159
42
193
40
59
1
80
286
245
201
159
42
193
40
59
1
80
286
245
201
159
42
193
40
59
1
80
286
245
201
159
42
193
40
59
1
80
286
245
201
159
42
193
40
59
1
80
286
245
201
159
42
193
40
59
1
80
286
245
201
159
42
193
40
59
1
80
286
245
201
159
42
193
40
59
1
80
286
245
201
159
42
193
40
59
1
80
286
245
201
159
42
193
40
59
1
80
286
245
201
159
42
193
40
59
1
80
286
245
201
159
42
193
40
59
1
80
286
245
201
159
42
193
40
59
1
80
286
245
201
159
42
193
40
59
1
80
286
245
201
159
42
193
40
59
1
80
286
245
201
159
42
193
40
59
1
80
286
245
201
159
42
193
40
59
1
80
286
245
201
159
42
193
40
59
1
80
286
245
201
159
42
193
40
59
1
80
286
245
201
159
42
193
40
59
1
80
286
245
201
159
42
193
40
59
1
80
286
245
201
159
42
193
40
59
1
80
286
245
201
159
42
193
40
59
1
80
286
245
201
159
42
193
40
59
1
80
286
245
201
159
42
193
40
59
1
80
286
245
201
159
42
193
40
59
1
80
286
245
201
159
42
193
40
59
1
80
286
245
201
159
42
193
40
59
1
80
286
245
201
159
42
193
40
59
1
80
286
245
201
159
42
193
40
59
1
80
286
245
201
159
42
193
40
59
1
80
286
245
201
159
42
193
40
59
1
80
286
245
201
159
42
193
40
59
1
80
286
245
201
159
42
193
40
59
1
80
286
245
201
159
42
193
40
59
1
80
286
245
201
159
42
193
40
59
1
80
286
245
201
159
42
193
40
59
1
80
286
245
201
159
42
193
40
59
1
80
286
245
201
159
42
193
40
59
1
80
286
245
201
159
42
193
40
