29
379
287
120
145
130
344
82
44
442
135
366
371
229
134
17
116
474
105
69
62
27
64
54
396
40
169
2
361
404
319
90
474
34
286
427
98
366
323
292
287
41
105
144
481
325
482
257
284
364
23
37
121
432
126
264
155
231
385
130
240
434
440
245
78
416
195
466
46
241
133
294
276
28
34
237
30
25
357
52
415
12
433
139
120
429
16
476
333
361
328
341
387
492
98
374
464
329
143
239
31
233
163
481
298
323
186
354
213
434
219
432
166
482
98
23
266
389
393
238
128
316
330
269
61
418
387
422
323
35
190
71
252
318
184
408
185
412
308
212
349
165
492
102
123
87
143
31
274
357
249
183
432
256
480
400
370
31
41
335
132
287
358
466
108
290
22
112
465
337
40
75
170
184
464
123
282
175
21
132
41
225
160
143
21
472
165
186
497
328
341
177
90
125
357
76
7
164
68
436
91
59
373
13
324
8
121
414
130
409
57
222
428
115
85
332
20
322
329
227
17
481
165
220
176
172
227
25
110
400
393
173
79
45
459
29
437
222
5
104
244
268
52
234
237
414
101
460
35
22
270
248
180
162
147
174
215
430
473
337
428
372
120
408
492
228
364
70
272
250
295
76
107
16
148
153
29
100
88
239
89
337
334
233
430
92
244
6
117
435
94
427
105
29
40
161
251
180
495
423
174
402
237
327
127
135
84
151
50
380
289
446
145
455
418
171
59
243
436
77
498
490
158
469
44
75
51
282
195
222
458
101
264
256
223
78
477
203
300
188
284
403
316
53
96
108
73
213
189
302
67
173
406
425
441
58
255
55
371
403
351
189
461
163
462
438
29
196
45
389
136
324
481
458
463
392
478
37
94
342
330
225
470
25
483
100
229
356
437
372
48
63
59
265
472
142
395
291
171
420
396
448
218
149
350
454
184
250
395
247
126
333
151
95
201
353
36
464
309
340
218
85
481
335
485
318
239
112
171
334
170
16
80
499
446
460
293
119
84
274
76
30
294
38
486
40
466
84
28
192
370
353
205
59
273
199
226
459
151
368
144
55
481
357
228
473
371
45
300
476
284
176
440
16
342
473
321
441
316
222
247
17
201
407
116
26
396
223
269
200
476
126
431
442
307
255
245
425
443
28
