72
130
149
250
43
300
346
62
347
321
123
317
97
275
75
71
233
158
27
19
79
287
73
92
8
233
281
51
292
189
250
252
358
330
188
316
228
324
105
138
234
162
9
203
153
258
144
218
256
219
65
34
183
95
365
60
327
361
39
319
122
38
62
60
259
338
170
148
365
311
257
323
340
258
43
30
102
133
352
359
133
221
125
235
112
130
46
203
234
222
256
185
308
39
116
241
277
12
176
235
81
266
282
307
115
29
51
226
122
156
29
8
354
50
22
212
291
87
149
36
209
220
363
275
110
265
106
215
94
361
156
169
123
240
146
312
190
115
289
220
219
314
356
254
297
251
269
346
130
24
175
285
320
332
299
81
47
211
313
87
243
137
158
96
189
14
98
265
247
185
264
12
309
15
50
98
109
57
272
350
245
253
1
168
265
25
195
35
291
32
213
181
298
171
3
304
117
54
92
53
168
199
24
354
332
103
63
329
172
33
80
50
87
38
300
169
155
229
164
230
131
162
287
265
275
311
348
122
174
38
114
323
3
237
315
184
24
347
303
41
47
8
356
71
12
254
174
283
16
194
16
80
341
346
116
339
1
36
268
86
123
353
124
111
325
217
239
354
336
359
322
331
181
310
293
44
82
151
142
6
258
115
169
285
357
232
325
224
91
42
11
232
33
237
53
239
163
304
280
114
244
316
246
185
291
116
304
130
83
109
296
143
177
74
254
277
25
131
192
216
98
38
48
90
134
111
191
161
302
144
256
305
290
54
198
144
175
73
264
53
294
16
61
156
63
253
68
6
135
261
270
176
67
161
8
251
120
352
117
278
129
45
57
32
276
272
319
51
323
106
260
51
340
24
17
96
200
15
78
303
334
278
332
153
225
116
238
166
246
169
342
95
143
280
346
145
60
316
192
152
25
309
216
245
84
29
100
69
157
133
229
22
295
180
170
325
360
227
233
123
154
258
240
359
340
324
27
243
83
73
228
18
271
326
257
46
240
84
95
294
33
86
294
334
16
175
121
52
226
160
144
165
321
44
139
248
1
283
353
336
73
201
350
158
154
124
117
23
329
75
115
175
51
329
170
54
267
112
60
176
278
103
337
120
39
326
112
287
340
289
73
247
38
216
60
187
305
318
326
176
