148
23
55
163
22
6
109
145
80
60
2
107
139
24
19
79
62
149
54
188
257
3
81
165
56
87
162
35
128
102
1
76
161
296
210
103
53
169
174
218
41
106
28
88
166
84
247
57
268
171
144
238
11
27
212
164
266
73
127
177
321
98
26
142
85
180
246
324
292
178
219
70
209
8
141
244
338
131
175
69
160
168
46
100
13
277
47
93
31
291
64
208
122
233
213
134
242
173
261
183
241
92
25
49
0
96
132
270
176
326
252
308
211
204
437
112
230
44
249
59
386
37
428
283
232
45
126
417
407
113
74
256
306
378
227
72
147
157
276
237
193
150
301
110
167
331
418
94
346
264
391
379
33
390
187
224
51
207
235
317
221
215
34
269
205
426
472
159
307
40
274
184
63
419
120
253
108
5
239
248
195
170
214
143
135
71
401
36
185
101
129
272
151
251
179
99
492
105
146
133
420
240
441
468
303
222
190
10
116
243
191
140
425
340
104
86
83
29
446
271
351
12
82
17
427
402
117
297
388
312
288
245
370
409
380
323
310
260
320
327
367
284
216
58
259
138
225
319
231
220
199
7
369
436
434
156
154
4
78
123
361
158
18
343
289
389
121
355
422
265
52
136
302
328
279
377
50
228
381
412
474
385
449
447
347
304
309
364
236
300
89
397
77
335
322
152
75
290
118
43
250
66
217
97
262
153
68
115
192
130
263
295
348
30
258
172
433
95
198
148
23
55
163
22
6
109
145
80
60
2
107
139
24
19
79
62
149
54
188
257
3
81
165
56
87
162
35
128
102
1
76
161
296
210
103
53
169
174
218
41
106
28
88
166
84
247
57
268
171
144
238
11
27
212
164
266
73
127
177
321
98
26
142
85
180
246
324
292
178
219
70
209
8
141
244
338
131
175
69
160
168
46
100
13
277
47
93
31
291
64
208
122
233
213
134
242
173
261
183
241
92
25
49
0
96
132
270
176
326
252
308
211
204
437
112
230
44
249
59
386
37
428
283
232
45
126
417
407
113
74
256
306
378
227
72
147
157
276
237
193
150
301
110
167
331
418
94
346
264
391
379
33
390
187
224
51
207
235
317
221
215
34
269
205
426
472
159
307
40
274
184
63
419
120
253
108
5
239
248
195
170
214
143
135
71
401
36
185
101
129
272
151
251
179
99
492
105
146
133
420
240
441
468
303
222
190
10
116
243
191
140
425
340
104
86
83
29
446
271
351
12
82
17
427
402
117
297
388
312
288
245
370
409
380
323
310
260
320
327
367
284
216
58
259
138
225
319
231
220
199
7
369
436
434
156
154
4
78
123
361
158
18
343
289
389
121
355
422
265
52
136
302
328
279
377
50
228
381
412
474
385
449
447
347
304
309
364
236
300
89
397
77
335
322
152
75
290
118
43
250
66
217
97
262
153
68
115
192
130
263
295
348
30
258
172
433
95
198
148
23
55
163
22
6
109
145
80
60
2
107
139
24
19
79
62
149
54
188
257
3
81
165
56
87
162
35
128
102
1
76
161
296
210
103
53
169
174
218
41
106
28
88
166
84
247
57
268
171
144
238
11
27
212
164
266
73
127
177
321
98
26
142
85
180
246
324
292
178
219
70
209
8
141
244
338
131
175
69
160
168
46
100
13
277
47
93
31
291
64
208
122
233
213
134
242
173
261
183
241
92
25
49
0
96
132
270
176
326
252
308
211
204
437
112
230
44
249
59
386
37
428
283
232
45
126
417
407
113
74
256
306
378
227
72
147
157
276
237
193
150
301
110
167
331
418
94
346
264
391
379
33
390
187
224
51
207
235
317
221
215
34
269
205
426
472
159
307
40
274
184
63
419
120
253
108
5
239
248
195
170
214
143
135
71
401
36
185
101
129
272
151
251
179
99
492
105
146
133
420
240
441
468
303
222
190
10
116
243
191
140
425
340
104
86
83
29
446
271
351
12
82
17
427
402
117
297
388
312
288
245
370
409
380
323
310
260
320
327
367
284
216
58
259
138
225
319
231
220
199
7
369
436
434
156
154
4
78
123
361
158
18
343
289
389
121
355
422
265
52
136
302
328
279
377
50
228
381
412
474
385
449
447
347
304
309
364
236
300
89
397
77
335
322
152
75
290
118
43
250
66
217
97
262
153
68
115
192
130
263
295
348
30
258
172
433
95
198
148
23
55
163
22
6
109
145
80
60
2
107
139
24
19
79
62
149
54
188
257
3
81
165
56
87
162
35
128
102
1
76
161
296
210
103
53
169
174
218
41
106
28
88
166
84
247
57
268
171
144
238
11
27
212
164
266
73
127
177
321
98
26
142
85
180
246
324
292
178
219
70
209
8
141
244
338
131
175
69
160
168
46
100
13
277
47
93
31
291
64
208
122
233
213
134
242
173
261
183
241
92
25
49
0
96
132
270
176
326
252
308
211
204
437
112
230
44
249
59
386
37
428
283
232
45
126
417
407
113
74
256
306
378
227
72
147
157
276
237
193
150
301
110
167
331
418
94
346
264
391
379
33
390
187
224
51
207
235
317
221
215
34
269
205
426
472
159
307
40
274
184
63
419
120
253
108
5
239
248
195
170
214
143
135
71
401
36
185
101
129
272
151
251
179
99
492
105
146
133
420
240
441
468
303
222
190
10
116
243
191
140
425
340
104
86
83
29
446
271
351
12
82
17
427
402
117
297
388
312
288
245
370
409
380
323
310
260
320
327
367
284
216
58
259
138
225
319
231
220
199
7
369
436
434
156
154
4
78
123
361
158
18
343
289
389
121
355
422
265
52
136
302
328
279
377
50
228
381
412
474
385
449
447
347
304
309
364
236
300
89
397
77
335
322
152
75
290
118
43
250
66
217
97
262
153
68
115
192
130
263
295
348
30
258
172
433
95
198
148
23
55
163
22
6
109
145
80
60
2
107
139
24
19
79
62
149
54
188
257
3
81
165
56
87
162
35
128
102
1
76
161
296
210
103
53
169
174
218
41
106
28
88
166
84
247
57
268
171
144
238
11
27
212
164
266
73
127
177
321
98
26
142
85
180
246
324
292
178
219
70
209
8
141
244
338
131
175
69
160
168
46
100
13
277
47
93
31
291
64
208
122
233
213
134
242
173
261
183
241
92
25
49
0
96
132
270
176
326
252
308
211
204
437
112
230
44
249
59
386
37
428
283
232
45
126
417
407
113
74
256
306
378
227
72
147
157
276
237
193
150
301
110
167
331
418
94
346
264
391
379
33
390
187
224
51
207
235
317
221
215
34
269
205
426
472
159
307
40
274
184
63
419
120
253
108
5
239
248
195
170
214
143
135
71
401
36
185
101
129
272
151
251
179
99
492
105
146
133
420
240
441
468
303
222
190
10
116
243
191
140
425
340
104
86
83
29
446
271
351
12
82
17
427
402
117
297
388
312
288
245
370
409
380
323
310
260
320
327
367
284
216
58
259
138
225
319
231
220
199
7
369
436
434
156
154
4
78
123
361
158
18
343
289
389
121
355
422
265
52
136
302
328
279
377
50
228
381
412
474
385
449
447
347
304
309
364
236
300
89
397
77
335
322
152
75
290
118
43
250
66
217
97
262
153
68
115
192
130
263
295
348
30
258
172
433
95
198
148
23
55
163
22
6
109
145
80
60
2
107
139
24
19
79
62
149
54
188
257
3
81
165
56
87
162
35
128
102
1
76
161
296
210
103
53
169
174
218
41
106
28
88
166
84
247
57
268
171
144
238
11
27
212
164
266
73
127
177
321
98
26
142
85
180
246
324
292
178
219
70
209
8
141
244
338
131
175
69
160
168
46
100
13
277
47
93
31
291
64
208
122
233
213
134
242
173
261
183
241
92
25
49
0
96
132
270
176
326
252
308
211
204
437
112
230
44
249
59
386
37
428
283
232
45
126
417
407
113
74
256
306
378
227
72
147
157
276
237
193
150
301
110
167
331
418
94
346
264
391
379
33
390
187
224
51
207
235
317
221
215
34
269
205
426
472
159
307
40
274
184
63
419
120
253
108
5
239
248
195
170
214
143
135
71
401
36
185
101
129
272
151
251
179
99
492
105
146
133
420
240
441
468
303
222
190
10
116
243
191
140
425
340
104
86
83
29
446
271
351
12
82
17
427
402
117
297
388
312
288
245
370
409
380
323
310
260
320
327
367
284
216
58
259
138
225
319
231
220
199
7
369
436
434
156
154
4
78
123
361
158
18
343
289
389
121
355
422
265
52
136
302
328
279
377
50
228
381
412
474
385
449
447
347
304
309
364
236
300
89
397
77
335
322
152
75
290
118
43
250
66
217
97
262
153
68
115
192
130
263
295
348
30
258
172
433
95
198
148
23
55
163
22
6
109
145
80
60
2
107
139
24
19
79
62
149
54
188
257
3
81
165
56
87
162
35
128
102
1
76
161
296
210
103
53
169
174
218
41
106
28
88
166
84
247
57
268
171
144
238
11
27
212
164
266
73
127
177
321
98
26
142
85
180
246
324
292
178
219
70
209
8
141
244
338
131
175
69
160
168
46
100
13
277
47
93
31
291
64
208
122
233
213
134
242
173
261
183
241
92
25
49
0
96
132
270
176
326
252
308
211
204
437
112
230
44
249
59
386
37
428
283
232
45
126
417
407
113
74
256
306
378
227
72
147
157
276
237
193
150
301
110
167
331
418
94
346
264
391
379
33
390
187
224
51
207
235
317
221
215
34
269
205
426
472
159
307
40
274
184
63
419
120
253
108
5
239
248
195
170
214
143
135
71
401
36
185
101
129
272
151
251
179
99
492
105
146
133
420
240
441
468
303
222
190
10
116
243
191
140
425
340
104
86
83
29
446
271
351
12
82
17
427
402
117
297
388
312
288
245
370
409
380
323
310
260
320
327
367
284
216
58
259
138
225
319
231
220
199
7
369
436
434
156
154
4
78
123
361
158
18
343
289
389
121
355
422
265
52
136
302
328
279
377
50
228
381
412
474
385
449
447
347
304
309
364
236
300
89
397
77
335
322
152
75
290
118
43
250
66
217
97
262
153
68
115
192
130
263
295
348
30
258
172
433
95
198
148
23
55
163
22
6
109
145
80
60
2
107
139
24
19
79
62
149
54
188
257
3
81
165
56
87
162
35
128
102
1
76
161
296
210
103
53
169
174
218
41
106
28
88
166
84
247
57
268
171
144
238
11
27
212
164
266
73
127
177
321
98
26
142
85
180
246
324
292
178
219
70
209
8
141
244
338
131
175
69
160
168
46
100
13
277
47
93
31
291
64
208
122
233
213
134
242
173
261
183
241
92
25
49
0
96
132
270
176
326
252
308
211
204
437
112
230
44
249
59
386
37
428
283
232
45
126
417
407
113
74
256
306
378
227
72
147
157
276
237
193
150
301
110
167
331
418
94
346
264
391
379
33
390
187
224
51
207
235
317
221
215
34
269
205
426
472
159
307
40
274
184
63
419
120
253
108
5
239
248
195
170
214
143
135
71
401
36
185
101
129
272
151
251
179
99
492
105
146
133
420
240
441
468
303
222
190
10
116
243
191
140
425
340
104
86
83
29
446
271
351
12
82
17
427
402
117
297
388
312
288
245
370
409
380
323
310
260
320
327
367
284
216
58
259
138
225
319
231
220
199
7
369
436
434
156
154
4
78
123
361
158
18
343
289
389
121
355
422
265
52
136
302
328
279
377
50
228
381
412
474
385
449
447
347
304
309
364
236
300
89
397
77
335
322
152
75
290
118
43
250
66
217
97
262
153
68
115
192
130
263
295
348
30
258
172
433
95
198
148
23
55
163
22
6
109
145
80
60
2
107
139
24
19
79
62
149
54
188
257
3
81
165
56
87
162
35
128
102
1
76
161
296
210
103
53
169
174
218
41
106
28
88
166
84
247
57
268
171
144
238
11
27
212
164
266
73
127
177
321
98
26
142
85
180
246
324
292
178
219
70
209
8
141
244
338
131
175
69
160
168
46
100
13
277
47
93
31
291
64
208
122
233
213
134
242
173
261
183
241
92
25
49
0
96
132
270
176
326
252
308
211
204
437
112
230
44
249
59
386
37
428
283
232
45
126
417
407
113
74
256
306
378
227
72
147
157
276
237
193
150
301
110
167
331
418
94
346
264
391
379
33
390
187
224
51
207
235
317
221
215
34
269
205
426
472
159
307
40
274
184
63
419
120
253
108
5
239
248
195
170
214
143
135
71
401
36
185
101
129
272
151
251
179
99
492
105
146
133
420
240
441
468
303
222
190
10
116
243
191
140
425
340
104
86
83
29
446
271
351
12
82
17
427
402
117
297
388
312
288
245
370
409
380
323
310
260
320
327
367
284
216
58
259
138
225
319
231
220
199
7
369
436
434
156
154
4
78
123
361
158
18
343
289
389
121
355
422
265
52
136
302
328
279
377
50
228
381
412
474
385
449
447
347
304
309
364
236
300
89
397
77
335
322
152
75
290
118
43
250
66
217
97
262
153
68
115
192
130
263
295
348
30
258
172
433
95
198
148
23
55
163
22
6
109
145
80
60
2
107
139
24
19
79
62
149
54
188
257
3
81
165
56
87
162
35
128
102
1
76
161
296
210
103
53
169
174
218
41
106
28
88
166
84
247
57
268
171
144
238
11
27
212
164
266
73
127
177
321
98
26
142
85
180
246
324
292
178
219
70
209
8
141
244
338
131
175
69
160
168
46
100
13
277
47
93
31
291
64
208
122
233
213
134
242
173
261
183
241
92
25
49
0
96
132
270
176
326
252
308
211
204
437
112
230
44
249
59
386
37
428
283
232
45
126
417
407
113
74
256
306
378
227
72
147
157
276
237
193
150
301
110
167
331
418
94
346
264
391
379
33
390
187
224
51
207
235
317
221
215
34
269
205
426
472
159
307
40
274
184
63
419
120
253
108
5
239
248
195
170
214
143
135
71
401
36
185
101
129
272
151
251
179
99
492
105
146
133
420
240
441
468
303
222
190
10
116
243
191
140
425
340
104
86
83
29
446
271
351
12
82
17
427
402
117
297
388
312
288
245
370
409
380
323
310
260
320
327
367
284
216
58
259
138
225
319
231
220
199
7
369
436
434
156
154
4
78
123
361
158
18
343
289
389
121
355
422
265
52
136
302
328
279
377
50
228
381
412
474
385
449
447
347
304
309
364
236
300
89
397
77
335
322
152
75
290
118
43
250
66
217
97
262
153
68
115
192
130
263
295
348
30
258
172
433
95
198
148
23
55
163
22
6
109
145
80
60
2
107
139
24
19
79
62
149
54
188
257
3
81
165
56
87
162
35
128
102
1
76
161
296
210
103
53
169
174
218
41
106
28
88
166
84
247
57
268
171
144
238
11
27
212
164
266
73
127
177
321
98
26
142
85
180
246
324
292
178
219
70
209
8
141
244
338
131
175
69
160
168
46
100
13
277
47
93
31
291
64
208
122
233
213
134
242
173
261
183
241
92
25
49
0
96
132
270
176
326
252
308
211
204
437
112
230
44
249
59
386
37
428
283
232
45
126
417
407
113
74
256
306
378
227
72
147
157
276
237
193
150
301
110
167
331
418
94
346
264
391
379
33
390
187
224
51
207
235
317
221
215
34
269
205
426
472
159
307
40
274
184
63
419
120
253
108
5
239
248
195
170
214
143
135
71
401
36
185
101
129
272
151
251
179
99
492
105
146
133
420
240
441
468
303
222
190
10
116
243
191
140
425
340
104
86
83
29
446
271
351
12
82
17
427
402
117
297
388
312
288
245
370
409
380
323
310
260
320
327
367
284
216
58
259
138
225
319
231
220
199
7
369
436
434
156
154
4
78
123
361
158
18
343
289
389
121
355
422
265
52
136
302
328
279
377
50
228
381
412
474
385
449
447
347
304
309
364
236
300
89
397
77
335
322
152
75
290
118
43
250
66
217
97
262
153
68
115
192
130
263
295
348
30
258
172
433
95
198
148
23
55
163
22
6
109
145
80
60
2
107
139
24
19
79
62
149
54
188
257
3
81
165
56
87
162
35
128
102
1
76
161
296
210
103
53
169
174
218
41
106
28
88
166
84
247
57
268
171
144
238
11
27
212
164
266
73
127
177
321
98
26
142
85
180
246
324
292
178
219
70
209
8
141
244
338
131
175
69
160
168
46
100
13
277
47
93
31
291
64
208
122
233
213
134
242
173
261
183
241
92
25
49
0
96
132
270
176
326
252
308
211
204
437
112
230
44
249
59
386
37
428
283
232
45
126
417
407
113
74
256
306
378
227
72
147
157
276
237
193
150
301
110
167
331
418
94
346
264
391
379
33
390
187
224
51
207
235
317
221
215
34
269
205
426
472
159
307
40
274
184
63
419
120
253
108
5
239
248
195
170
214
143
135
71
401
36
185
101
129
272
151
251
179
99
492
105
146
133
420
240
441
468
303
222
190
10
116
243
191
140
425
340
104
86
83
29
446
271
351
12
82
17
427
402
117
297
388
312
288
245
370
409
380
323
310
260
320
327
367
284
216
58
259
138
225
319
231
220
199
7
369
436
434
156
154
4
78
123
361
158
18
343
289
389
121
355
422
265
52
136
302
328
279
377
50
228
381
412
474
385
449
447
347
304
309
364
236
300
89
397
77
335
322
152
75
290
118
43
250
66
217
97
262
153
68
115
192
130
263
295
348
30
258
172
433
95
198
148
23
55
163
22
6
109
145
80
60
2
107
139
24
19
79
62
149
54
188
257
3
81
165
56
87
162
35
128
102
1
76
161
296
210
103
53
169
174
218
41
106
28
88
166
84
247
57
268
171
144
238
11
27
212
164
266
73
127
177
321
98
26
142
85
180
246
324
292
178
219
70
209
8
141
244
338
131
175
69
160
168
46
100
13
277
47
93
31
291
64
208
122
233
213
134
242
173
261
183
241
92
25
49
0
96
132
270
176
326
252
308
211
204
437
112
230
44
249
59
386
37
428
283
232
45
126
417
407
113
74
256
306
378
227
72
147
157
276
237
193
150
301
110
167
331
418
94
346
264
391
379
33
390
187
224
51
207
235
317
221
215
34
269
205
426
472
159
307
40
274
184
63
419
120
253
108
5
239
248
195
170
214
143
135
71
401
36
185
101
129
272
151
251
179
99
492
105
146
133
420
240
441
468
303
222
190
10
116
243
191
140
425
340
104
86
83
29
446
271
351
12
82
17
427
402
117
297
388
312
288
245
370
409
380
323
310
260
320
327
367
284
216
58
259
138
225
319
231
220
199
7
369
436
434
156
154
4
78
123
361
158
18
343
289
389
121
355
422
265
52
136
302
328
279
377
50
228
381
412
474
385
449
447
347
304
309
364
236
300
89
397
77
335
322
152
75
290
118
43
250
66
217
97
262
153
68
115
192
130
263
295
348
30
258
172
433
95
198
148
23
55
163
22
6
109
145
80
60
2
107
139
24
19
79
62
149
54
188
257
3
81
165
56
87
162
35
128
102
1
76
161
296
210
103
53
169
174
218
41
106
28
88
166
84
247
57
268
171
144
238
11
27
212
164
266
73
127
177
321
98
26
142
85
180
246
324
292
178
219
70
209
8
141
244
338
131
175
69
160
168
46
100
13
277
47
93
31
291
64
208
122
233
213
134
242
173
261
183
241
92
25
49
0
96
132
270
176
326
252
308
211
204
437
112
230
44
249
59
386
37
428
283
232
45
126
417
407
113
74
256
306
378
227
72
147
157
276
237
193
150
301
110
167
331
418
94
346
264
391
379
33
390
187
224
51
207
235
317
221
215
34
269
205
426
472
159
307
40
274
184
63
419
120
253
108
5
239
248
195
170
214
143
135
71
401
36
185
101
129
272
151
251
179
99
492
105
146
133
420
240
441
468
303
222
190
10
116
243
191
140
425
340
104
86
83
29
446
271
351
12
82
17
427
402
117
297
388
312
288
245
370
409
380
323
310
260
320
327
367
284
216
58
259
138
225
319
231
220
199
7
369
436
434
156
154
4
78
123
361
158
18
343
289
389
121
355
422
265
52
136
302
328
279
377
50
228
381
412
474
385
449
447
347
304
309
364
236
300
89
397
77
335
322
152
75
290
118
43
250
66
217
97
262
153
68
115
192
130
263
295
348
30
258
172
433
95
198
148
23
55
163
22
6
109
145
80
60
2
107
139
24
19
79
62
149
54
188
257
3
81
165
56
87
162
35
128
102
1
76
161
296
210
103
53
169
174
218
41
106
28
88
166
84
247
57
268
171
144
238
11
27
212
164
266
73
127
177
321
98
26
142
85
180
246
324
292
178
219
70
209
8
141
244
338
131
175
69
160
168
46
100
13
277
47
93
31
291
64
208
122
233
213
134
242
173
261
183
241
92
25
49
0
96
132
270
176
326
252
308
211
204
437
112
230
44
249
59
386
37
428
283
232
45
126
417
407
113
74
256
306
378
227
72
147
157
276
237
193
150
301
110
167
331
418
94
346
264
391
379
33
390
187
224
51
207
235
317
221
215
34
269
205
426
472
159
307
40
274
184
63
419
120
253
108
5
239
248
195
170
214
143
135
71
401
36
185
101
129
272
151
251
179
99
492
105
146
133
420
240
441
468
303
222
190
10
116
243
191
140
425
340
104
86
83
29
446
271
351
12
82
17
427
402
117
297
388
312
288
245
370
409
380
323
310
260
320
327
367
284
216
58
259
138
225
319
231
220
199
7
369
436
434
156
154
4
78
123
361
158
18
343
289
389
121
355
422
265
52
136
302
328
279
377
50
228
381
412
474
385
449
447
347
304
309
364
236
300
89
397
77
335
322
152
75
290
118
43
250
66
217
97
262
153
68
115
192
130
263
295
348
30
258
172
433
95
198
148
23
55
163
22
6
109
145
80
60
2
107
139
24
19
79
62
149
54
188
257
3
81
165
56
87
162
35
128
102
1
76
161
296
210
103
53
169
174
218
41
106
28
88
166
84
247
57
268
171
144
238
11
27
212
164
266
73
127
177
321
98
26
142
85
180
246
324
292
178
219
70
209
8
141
244
338
131
175
69
160
168
46
100
13
277
47
93
31
291
64
208
122
233
213
134
242
173
261
183
241
92
25
49
0
96
132
270
176
326
252
308
211
204
437
112
230
44
249
59
386
37
428
283
232
45
126
417
407
113
74
256
306
378
227
72
147
157
276
237
193
150
301
110
167
331
418
94
346
264
391
379
33
390
187
224
51
207
235
317
221
215
34
269
205
426
472
159
307
40
274
184
63
419
120
253
108
5
239
248
195
170
214
143
135
71
401
36
185
101
129
272
151
251
179
99
492
105
146
133
420
240
441
468
303
222
190
10
116
243
191
140
425
340
104
86
83
29
446
271
351
12
82
17
427
402
117
297
388
312
288
245
370
409
380
323
310
260
320
327
367
284
216
58
259
138
225
319
231
220
199
7
369
436
434
156
154
4
78
123
361
158
18
343
289
389
121
355
422
265
52
136
302
328
279
377
50
228
381
412
474
385
449
447
347
304
309
364
236
300
89
397
77
335
322
152
75
290
118
43
250
66
217
97
262
153
68
115
192
130
263
295
348
30
258
172
433
95
198
148
23
55
163
22
6
109
145
80
60
2
107
139
24
19
79
62
149
54
188
257
3
81
165
56
87
162
35
128
102
1
76
161
296
210
103
53
169
174
218
41
106
28
88
166
84
247
57
268
171
144
238
11
27
212
164
266
73
127
177
321
98
26
142
85
180
246
324
292
178
219
70
209
8
141
244
338
131
175
69
160
168
46
100
13
277
47
93
31
291
64
208
122
233
213
134
242
173
261
183
241
92
25
49
0
96
132
270
176
326
252
308
211
204
437
112
230
44
249
59
386
37
428
283
232
45
126
417
407
113
74
256
306
378
227
72
147
157
276
237
193
150
301
110
167
331
418
94
346
264
391
379
33
390
187
224
51
207
235
317
221
215
34
269
205
426
472
159
307
40
274
184
63
419
120
253
108
5
239
248
195
170
214
143
135
71
401
36
185
101
129
272
151
251
179
99
492
105
146
133
420
240
441
468
303
222
190
10
116
243
191
140
425
340
104
86
83
29
446
271
351
12
82
17
427
402
117
297
388
312
288
245
370
409
380
323
310
260
320
327
367
284
216
58
259
138
225
319
231
220
199
7
369
436
434
156
154
4
78
123
361
158
18
343
289
389
121
355
422
265
52
136
302
328
279
377
50
228
381
412
474
385
449
447
347
304
309
364
236
300
89
397
77
335
322
152
75
290
118
43
250
66
217
97
262
153
68
115
192
130
263
295
348
30
258
172
433
95
198
148
23
55
163
22
6
109
145
80
60
2
107
139
24
19
79
62
149
54
188
257
3
81
165
56
87
162
35
128
102
1
76
161
296
210
103
53
169
174
218
41
106
28
88
166
84
247
57
268
171
144
238
11
27
212
164
266
73
127
177
321
98
26
142
85
180
246
324
292
178
219
70
209
8
141
244
338
131
175
69
160
168
46
100
13
277
47
93
31
291
64
208
122
233
213
134
242
173
261
183
241
92
25
49
0
96
132
270
176
326
252
308
211
204
437
112
230
44
249
59
386
37
428
283
232
45
126
417
407
113
74
256
306
378
227
72
147
157
276
237
193
150
301
110
167
331
418
94
346
264
391
379
33
390
187
224
51
207
235
317
221
215
34
269
205
426
472
159
307
40
274
184
63
419
120
253
108
5
239
248
195
170
214
143
135
71
401
36
185
101
129
272
151
251
179
99
492
105
146
133
420
240
441
468
303
222
190
10
116
243
191
140
425
340
104
86
83
29
446
271
351
12
82
17
427
402
117
297
388
312
288
245
370
409
380
323
310
260
320
327
367
284
216
58
259
138
225
319
231
220
199
7
369
436
434
156
154
4
78
123
361
158
18
343
289
389
121
355
422
265
52
136
302
328
279
377
50
228
381
412
474
385
449
447
347
304
309
364
236
300
89
397
77
335
322
152
75
290
118
43
250
66
217
97
262
153
68
115
192
130
263
295
348
30
258
172
433
95
198
148
23
55
163
22
6
109
145
80
60
2
107
139
24
19
79
62
149
54
188
257
3
81
165
56
87
162
35
128
102
1
76
161
296
210
103
53
169
174
218
41
106
28
88
166
84
247
57
268
171
144
238
11
27
212
164
266
73
127
177
321
98
26
142
85
180
246
324
292
178
219
70
209
8
141
244
338
131
175
69
160
168
46
100
13
277
47
93
31
291
64
208
122
233
213
134
242
173
261
183
241
92
25
49
0
96
132
270
176
326
252
308
211
204
437
112
230
44
249
59
386
37
428
283
232
45
126
417
407
113
74
256
306
378
227
72
147
157
276
237
193
150
301
110
167
331
418
94
346
264
391
379
33
390
187
224
51
207
235
317
221
215
34
269
205
426
472
159
307
40
274
184
63
419
120
253
108
5
239
248
195
170
214
143
135
71
401
36
185
101
129
272
151
251
179
99
492
105
146
133
420
240
441
468
303
222
190
10
116
243
191
140
425
340
104
86
83
29
446
271
351
12
82
17
427
402
117
297
388
312
288
245
370
409
380
323
310
260
320
327
367
284
216
58
259
138
225
319
231
220
199
7
369
436
434
156
154
4
78
123
361
158
18
343
289
389
121
355
422
265
52
136
302
328
279
377
50
228
381
412
474
385
449
447
347
304
309
364
236
300
89
397
77
335
322
152
75
290
118
43
250
66
217
97
262
153
68
115
192
130
263
295
348
30
258
172
433
95
198
148
23
55
163
22
6
109
145
80
60
2
107
139
24
19
79
62
149
54
188
257
3
81
165
56
87
162
35
128
102
1
76
161
296
210
103
53
169
174
218
41
106
28
88
166
84
247
57
268
171
144
238
11
27
212
164
266
73
127
177
321
98
26
142
85
180
246
324
292
178
219
70
209
8
141
244
338
131
175
69
160
168
46
100
13
277
47
93
31
291
64
208
122
233
213
134
242
173
261
183
241
92
25
49
0
96
132
270
176
326
252
308
211
204
437
112
230
44
249
59
386
37
428
283
232
45
126
417
407
113
74
256
306
378
227
72
147
157
276
237
193
150
301
110
167
331
418
94
346
264
391
379
33
390
187
224
51
207
235
317
221
215
34
269
205
426
472
159
307
40
274
184
63
419
120
253
108
5
239
248
195
170
214
143
135
71
401
36
185
101
129
272
151
251
179
99
492
105
146
133
420
240
441
468
303
222
190
10
116
243
191
140
425
340
104
86
83
29
446
271
351
12
82
17
427
402
117
297
388
312
288
245
370
409
380
323
310
260
320
327
367
284
216
58
259
138
225
319
231
220
199
7
369
436
434
156
154
4
78
123
361
158
18
343
289
389
121
355
422
265
52
136
302
328
279
377
50
228
381
412
474
385
449
447
347
304
309
364
236
300
89
397
77
335
322
152
75
290
118
43
250
66
217
97
262
153
68
115
192
130
263
295
348
30
258
172
433
95
198
148
23
55
163
22
6
109
145
80
60
2
107
139
24
19
79
62
149
54
188
257
3
81
165
56
87
162
35
128
102
1
76
161
296
210
103
53
169
174
218
41
106
28
88
166
84
247
57
268
171
144
238
11
27
212
164
266
73
127
177
321
98
26
142
85
180
246
324
292
178
219
70
209
8
141
244
338
131
175
69
160
168
46
100
13
277
47
93
31
291
64
208
122
233
213
134
242
173
261
183
241
92
25
49
0
96
132
270
176
326
252
308
211
204
437
112
230
44
249
59
386
37
428
283
232
45
126
417
407
113
74
256
306
378
227
72
147
157
276
237
193
150
301
110
167
331
418
94
346
264
391
379
33
390
187
224
51
207
235
317
221
215
34
269
205
426
472
159
307
40
274
184
63
419
120
253
108
5
239
248
195
170
214
143
135
71
401
36
185
101
129
272
151
251
179
99
492
105
146
133
420
240
441
468
303
222
190
10
116
243
191
140
425
340
104
86
83
29
446
271
351
12
82
17
427
402
117
297
388
312
288
245
370
409
380
323
310
260
320
327
367
284
216
58
259
138
225
319
231
220
199
7
369
436
434
156
154
4
78
123
361
158
18
343
289
389
121
355
422
265
52
136
302
328
279
377
50
228
381
412
474
385
449
447
347
304
309
364
236
300
89
397
77
335
322
152
75
290
118
43
250
66
217
97
262
153
68
115
192
130
263
295
348
30
258
172
433
95
198
148
23
55
163
22
6
109
145
80
60
2
107
139
24
19
79
62
149
54
188
257
3
81
165
56
87
162
35
128
102
1
76
161
296
210
103
53
169
174
218
41
106
28
88
166
84
247
57
268
171
144
238
11
27
212
164
266
73
127
177
321
98
26
142
85
180
246
324
292
178
219
70
209
8
141
244
338
131
175
69
160
168
46
100
13
277
47
93
31
291
64
208
122
233
213
134
242
173
261
183
241
92
25
49
0
96
132
270
176
326
252
308
211
204
437
112
230
44
249
59
386
37
428
283
232
45
126
417
407
113
74
256
306
378
227
72
147
157
276
237
193
150
301
110
167
331
418
94
346
264
391
379
33
390
187
224
51
207
235
317
221
215
34
269
205
426
472
159
307
40
274
184
63
419
120
253
108
5
239
248
195
170
214
143
135
71
401
36
185
101
129
272
151
251
179
99
492
105
146
133
420
240
441
468
303
222
190
10
116
243
191
140
425
340
104
86
83
29
446
271
351
12
82
17
427
402
117
297
388
312
288
245
370
409
380
323
310
260
320
327
367
284
216
58
259
138
225
319
231
220
199
7
369
436
434
156
154
4
78
123
361
158
18
343
289
389
121
355
422
265
52
136
302
328
279
377
50
228
381
412
474
385
449
447
347
304
309
364
236
300
89
397
77
335
322
152
75
290
118
43
250
66
217
97
262
153
68
115
192
130
263
295
348
30
258
172
433
95
198
148
23
55
163
22
6
109
145
80
60
2
107
139
24
19
79
62
149
54
188
257
3
81
165
56
87
162
35
128
102
1
76
161
296
210
103
53
169
174
218
41
106
28
88
166
84
247
57
268
171
144
238
11
27
212
164
266
73
127
177
321
98
26
142
85
180
246
324
292
178
219
70
209
8
141
244
338
131
175
69
160
168
46
100
13
277
47
93
31
291
64
208
122
233
213
134
242
173
261
183
241
92
25
49
0
96
132
270
176
326
252
308
211
204
437
112
230
44
249
59
386
37
428
283
232
45
126
417
407
113
74
256
306
378
227
72
147
157
276
237
193
150
301
110
167
331
418
94
346
264
391
379
33
390
187
224
51
207
235
317
221
215
34
269
205
426
472
159
307
40
274
184
63
419
120
253
108
5
239
248
195
170
214
143
135
71
401
36
185
101
129
272
151
251
179
99
492
105
146
133
420
240
441
468
303
222
190
10
116
243
191
140
425
340
104
86
83
29
446
271
351
12
82
17
427
402
117
297
388
312
288
245
370
409
380
323
310
260
320
327
367
284
216
58
259
138
225
319
231
220
199
7
369
436
434
156
154
4
78
123
361
158
18
343
289
389
121
355
422
265
52
136
302
328
279
377
50
228
381
412
474
385
449
447
347
304
309
364
236
300
89
397
77
335
322
152
75
290
118
43
250
66
217
97
262
153
68
115
192
130
263
295
348
30
258
172
433
95
198
148
23
55
163
22
6
109
145
80
60
2
107
139
24
19
79
62
149
54
188
257
3
81
165
56
87
162
35
128
102
1
76
161
296
210
103
53
169
174
218
41
106
28
88
166
84
247
57
268
171
144
238
11
27
212
164
266
73
127
177
321
98
26
142
85
180
246
324
292
178
219
70
209
8
141
244
338
131
175
69
160
168
46
100
13
277
47
93
31
291
64
208
122
233
213
134
242
173
261
183
241
92
25
49
0
96
132
270
176
326
252
308
211
204
437
112
230
44
249
59
386
37
428
283
232
45
126
417
407
113
74
256
306
378
227
72
147
157
276
237
193
150
301
110
167
331
418
94
346
264
391
379
33
390
187
224
51
207
235
317
221
215
34
269
205
426
472
159
307
40
274
184
63
419
120
253
108
5
239
248
195
170
214
143
135
71
401
36
185
101
129
272
151
251
179
99
492
105
146
133
420
240
441
468
303
222
190
10
116
243
191
140
425
340
104
86
83
29
446
271
351
12
82
17
427
402
117
297
388
312
288
245
370
409
380
323
310
260
320
327
367
284
216
58
259
138
225
319
231
220
199
7
369
436
434
156
154
4
78
123
361
158
18
343
289
389
121
355
422
265
52
136
302
328
279
377
50
228
381
412
474
385
449
447
347
304
309
364
236
300
89
397
77
335
322
152
75
290
118
43
250
66
217
97
262
153
68
115
192
130
263
295
348
30
258
172
433
95
198
148
23
55
163
22
6
109
145
80
60
2
107
139
24
19
79
62
149
54
188
257
3
81
165
56
87
162
35
128
102
1
76
161
296
210
103
53
169
174
218
41
106
28
88
166
84
247
57
268
171
144
238
11
27
212
164
266
73
127
177
321
98
26
142
85
180
246
324
292
178
219
70
209
8
141
244
338
131
175
69
160
168
46
100
13
277
47
93
31
291
64
208
122
233
213
134
242
173
261
183
241
92
25
49
0
96
132
270
176
326
252
308
211
204
437
112
230
44
249
59
386
37
428
283
232
45
126
417
407
113
74
256
306
378
227
72
147
157
276
237
193
150
301
110
167
331
418
94
346
264
391
379
33
390
187
224
51
207
235
317
221
215
34
269
205
426
472
159
307
40
274
184
63
419
120
253
108
5
239
248
195
170
214
143
135
71
401
36
185
101
129
272
151
251
179
99
492
105
146
133
420
240
441
468
303
222
190
10
116
243
191
140
425
340
104
86
83
29
446
271
351
12
82
17
427
402
117
297
388
312
288
245
370
409
380
323
310
260
320
327
367
284
216
58
259
138
225
319
231
220
199
7
369
436
434
156
154
4
78
123
361
158
18
343
289
389
121
355
422
265
52
136
302
328
279
377
50
228
381
412
474
385
449
447
347
304
309
364
236
300
89
397
77
335
322
152
75
290
118
43
250
66
217
97
262
153
68
115
192
130
263
295
348
30
258
172
433
95
198
148
23
55
163
22
6
109
145
80
60
2
107
139
24
19
79
62
149
54
188
257
3
81
165
56
87
162
35
128
102
1
76
161
296
210
103
53
169
174
218
41
106
28
88
166
84
247
57
268
171
144
238
11
27
212
164
266
73
127
177
321
98
26
142
85
180
246
324
292
178
219
70
209
8
141
244
338
131
175
69
160
168
46
100
13
277
47
93
31
291
64
208
122
233
213
134
242
173
261
183
241
92
25
49
0
96
132
270
176
326
252
308
211
204
437
112
230
44
249
59
386
37
428
283
232
45
126
417
407
113
74
256
306
378
227
72
147
157
276
237
193
150
301
110
167
331
418
94
346
264
391
379
33
390
187
224
51
207
235
317
221
215
34
269
205
426
472
159
307
40
274
184
63
419
120
253
108
5
239
248
195
170
214
143
135
71
401
36
185
101
129
272
151
251
179
99
492
105
146
133
420
240
441
468
303
222
190
10
116
243
191
140
425
340
104
86
83
29
446
271
351
12
82
17
427
402
117
297
388
312
288
245
370
409
380
323
310
260
320
327
367
284
216
58
259
138
225
319
231
220
199
7
369
436
434
156
154
4
78
123
361
158
18
343
289
389
121
355
422
265
52
136
302
328
279
377
50
228
381
412
474
385
449
447
347
304
309
364
236
300
89
397
77
335
322
152
75
290
118
43
250
66
217
97
262
153
68
115
192
130
263
295
348
30
258
172
433
95
198
148
23
55
163
22
6
109
145
80
60
2
107
139
24
19
79
62
149
54
188
257
3
81
165
56
87
162
35
128
102
1
76
161
296
210
103
53
169
174
218
41
106
28
88
166
84
247
57
268
171
144
238
11
27
212
164
266
73
127
177
321
98
26
142
85
180
246
324
292
178
219
70
209
8
141
244
338
131
175
69
160
168
46
100
13
277
47
93
31
291
64
208
122
233
213
134
242
173
261
183
241
92
25
49
0
96
132
270
176
326
252
308
211
204
437
112
230
44
249
59
386
37
428
283
232
45
126
417
407
113
74
256
306
378
227
72
147
157
276
237
193
150
301
110
167
331
418
94
346
264
391
379
33
390
187
224
51
207
235
317
221
215
34
269
205
426
472
159
307
40
274
184
63
419
120
253
108
5
239
248
195
170
214
143
135
71
401
36
185
101
129
272
151
251
179
99
492
105
146
133
420
240
441
468
303
222
190
10
116
243
191
140
425
340
104
86
83
29
446
271
351
12
82
17
427
402
117
297
388
312
288
245
370
409
380
323
310
260
320
327
367
284
216
58
259
138
225
319
231
220
199
7
369
436
434
156
154
4
78
123
361
158
18
343
289
389
121
355
422
265
52
136
302
328
279
377
50
228
381
412
474
385
449
447
347
304
309
364
236
300
89
397
77
335
322
152
75
290
118
43
250
66
217
97
262
153
68
115
192
130
263
295
348
30
258
172
433
95
198
148
23
55
163
22
6
109
145
80
60
2
107
139
24
19
79
62
149
54
188
257
3
81
165
56
87
162
35
128
102
1
76
161
296
210
103
53
169
174
218
41
106
28
88
166
84
247
57
268
171
144
238
11
27
212
164
266
73
127
177
321
98
26
142
85
180
246
324
292
178
219
70
209
8
141
244
338
131
175
69
160
168
46
100
13
277
47
93
31
291
64
208
122
233
213
134
242
173
261
183
241
92
25
49
0
96
132
270
176
326
252
308
211
204
437
112
230
44
249
59
386
37
428
283
232
45
126
417
407
113
74
256
306
378
227
72
147
157
276
237
193
150
301
110
167
331
418
94
346
264
391
379
33
390
187
224
51
207
235
317
221
215
34
269
205
426
472
159
307
40
274
184
63
419
120
253
108
5
239
248
195
170
214
143
135
71
401
36
185
101
129
272
151
251
179
99
492
105
146
133
420
240
441
468
303
222
190
10
116
243
191
140
425
340
104
86
83
29
446
271
351
12
82
17
427
402
117
297
388
312
288
245
370
409
380
323
310
260
320
327
367
284
216
58
259
138
225
319
231
220
199
7
369
436
434
156
154
4
78
123
361
158
18
343
289
389
121
355
422
265
52
136
302
328
279
377
50
228
381
412
474
385
449
447
347
304
309
364
236
300
89
397
77
335
322
152
75
290
118
43
250
66
217
97
262
153
68
115
192
130
263
295
348
30
258
172
433
95
198
148
23
55
163
22
6
109
145
80
60
2
107
139
24
19
79
62
149
54
188
257
3
81
165
56
87
162
35
128
102
1
76
161
296
210
103
53
169
174
218
41
106
28
88
166
84
247
57
268
171
144
238
11
27
212
164
266
73
127
177
321
98
26
142
85
180
246
324
292
178
219
70
209
8
141
244
338
131
175
69
160
168
46
100
13
277
47
93
31
291
64
208
122
233
213
134
242
173
261
183
241
92
25
49
0
96
132
270
176
326
252
308
211
204
437
112
230
44
249
59
386
37
428
283
232
45
126
417
407
113
74
256
306
378
227
72
147
157
276
237
193
150
301
110
167
331
418
94
346
264
391
379
33
390
187
224
51
207
235
317
221
215
34
269
205
426
472
159
307
40
274
184
63
419
120
253
108
5
239
248
195
170
214
143
135
71
401
36
185
101
129
272
151
251
179
99
492
105
146
133
420
240
441
468
303
222
190
10
116
243
191
140
425
340
104
86
83
29
446
271
351
12
82
17
427
402
117
297
388
312
288
245
370
409
380
323
310
260
320
327
367
284
216
58
259
138
225
319
231
220
199
7
369
436
434
156
154
4
78
123
361
158
18
343
289
389
121
355
422
265
52
136
302
328
279
377
50
228
381
412
474
385
449
447
347
304
309
364
236
300
89
397
77
335
322
152
75
290
118
43
250
66
217
97
262
153
68
115
192
130
263
295
348
30
258
172
433
95
198
148
23
55
163
22
6
109
145
80
60
2
107
139
24
19
79
62
149
54
188
257
3
81
165
56
87
162
35
128
102
1
76
161
296
210
103
53
169
174
218
41
106
28
88
166
84
247
57
268
171
144
238
11
27
212
164
266
73
127
177
321
98
26
142
85
180
246
324
292
178
219
70
209
8
141
244
338
131
175
69
160
168
46
100
13
277
47
93
31
291
64
208
122
233
213
134
242
173
261
183
241
92
25
49
0
96
132
270
176
326
252
308
211
204
437
112
230
44
249
59
386
37
428
283
232
45
126
417
407
113
74
256
306
378
227
72
147
157
276
237
193
150
301
110
167
331
418
94
346
264
391
379
33
390
187
224
51
207
235
317
221
215
34
269
205
426
472
159
307
40
274
184
63
419
120
253
108
5
239
248
195
170
214
143
135
71
401
36
185
101
129
272
151
251
179
99
492
105
146
133
420
240
441
468
303
222
190
10
116
243
191
140
425
340
104
86
83
29
446
271
351
12
82
17
427
402
117
297
388
312
288
245
370
409
380
323
310
260
320
327
367
284
216
58
259
138
225
319
231
220
199
7
369
436
434
156
154
4
78
123
361
158
18
343
289
389
121
355
422
265
52
136
302
328
279
377
50
228
381
412
474
385
449
447
347
304
309
364
236
300
89
397
77
335
322
152
75
290
118
43
250
66
217
97
262
153
68
115
192
130
263
295
348
30
258
172
433
95
198
148
23
55
163
22
6
109
145
80
60
2
107
139
24
19
79
62
149
54
188
257
3
81
165
56
87
162
35
128
102
1
76
161
296
210
103
53
169
174
218
41
106
28
88
166
84
247
57
268
171
144
238
11
27
212
164
266
73
127
177
321
98
26
142
85
180
246
324
292
178
219
70
209
8
141
244
338
131
175
69
160
168
46
100
13
277
47
93
31
291
64
208
122
233
213
134
242
173
261
183
241
92
25
49
0
96
132
270
176
326
252
308
211
204
437
112
230
44
249
59
386
37
428
283
232
45
126
417
407
113
74
256
306
378
227
72
147
157
276
237
193
150
301
110
167
331
418
94
346
264
391
379
33
390
187
224
51
207
235
317
221
215
34
269
205
426
472
159
307
40
274
184
63
419
120
253
108
5
239
248
195
170
214
143
135
71
401
36
185
101
129
272
151
251
179
99
492
105
146
133
420
240
441
468
303
222
190
10
116
243
191
140
425
340
104
86
83
29
446
271
351
12
82
17
427
402
117
297
388
312
288
245
370
409
380
323
310
260
320
327
367
284
216
58
259
138
225
319
231
220
199
7
369
436
434
156
154
4
78
123
361
158
18
343
289
389
121
355
422
265
52
136
302
328
279
377
50
228
381
412
474
385
449
447
347
304
309
364
236
300
89
397
77
335
322
152
75
290
118
43
250
66
217
97
262
153
68
115
192
130
263
295
348
30
258
172
433
95
198
148
23
55
163
22
6
109
145
80
60
2
107
139
24
19
79
62
149
54
188
257
3
81
165
56
87
162
35
128
102
1
76
161
296
210
103
53
169
174
218
41
106
28
88
166
84
247
57
268
171
144
238
11
27
212
164
266
73
127
177
321
98
26
142
85
180
246
324
292
178
219
70
209
8
141
244
338
131
175
69
160
168
46
100
13
277
47
93
31
291
64
208
122
233
213
134
242
173
261
183
241
92
25
49
0
96
132
270
176
326
252
308
211
204
437
112
230
44
249
59
386
37
428
283
232
45
126
417
407
113
74
256
306
378
227
72
147
157
276
237
193
150
301
110
167
331
418
94
346
264
391
379
33
390
187
224
51
207
235
317
221
215
34
269
205
426
472
159
307
40
274
184
63
419
120
253
108
5
239
248
195
170
214
143
135
71
401
36
185
101
129
272
151
251
179
99
492
105
146
133
420
240
441
468
303
222
190
10
116
243
191
140
425
340
104
86
83
29
446
271
351
12
82
17
427
402
117
297
388
312
288
245
370
409
380
323
310
260
320
327
367
284
216
58
259
138
225
319
231
220
199
7
369
436
434
156
154
4
78
123
361
158
18
343
289
389
121
355
422
265
52
136
302
328
279
377
50
228
381
412
474
385
449
447
347
304
309
364
236
300
89
397
77
335
322
152
75
290
118
43
250
66
217
97
262
153
68
115
192
130
263
295
348
30
258
172
433
95
198
148
23
55
163
22
6
109
145
80
60
2
107
139
24
19
79
62
149
54
188
257
3
81
165
56
87
162
35
128
102
1
76
161
296
210
103
53
169
174
218
41
106
28
88
166
84
247
57
268
171
144
238
11
27
212
164
266
73
127
177
321
98
26
142
85
180
246
324
292
178
219
70
209
8
141
244
338
131
175
69
160
168
46
100
13
277
47
93
31
291
64
208
122
233
213
134
242
173
261
183
241
92
25
49
0
96
132
270
176
326
252
308
211
204
437
112
230
44
249
59
386
37
428
283
232
45
126
417
407
113
74
256
306
378
227
72
147
157
276
237
193
150
301
110
167
331
418
94
346
264
391
379
33
390
187
224
51
207
235
317
221
215
34
269
205
426
472
159
307
40
274
184
63
419
120
253
108
5
239
248
195
170
214
143
135
71
401
36
185
101
129
272
151
251
179
99
492
105
146
133
420
240
441
468
303
222
190
10
116
243
191
140
425
340
104
86
83
29
446
271
351
12
82
17
427
402
117
297
388
312
288
245
370
409
380
323
310
260
320
327
367
284
216
58
259
138
225
319
231
220
199
7
369
436
434
156
154
4
78
123
361
158
18
343
289
389
121
355
422
265
52
136
302
328
279
377
50
228
381
412
474
385
449
447
347
304
309
364
236
300
89
397
77
335
322
152
75
290
118
43
250
66
217
97
262
153
68
115
192
130
263
295
348
30
258
172
433
95
198
148
23
55
163
22
6
109
145
80
60
2
107
139
24
19
79
62
149
54
188
257
3
81
165
56
87
162
35
128
102
1
76
161
296
210
103
53
169
174
218
41
106
28
88
166
84
247
57
268
171
144
238
11
27
212
164
266
73
127
177
321
98
26
142
85
180
246
324
292
178
219
70
209
8
141
244
338
131
175
69
160
168
46
100
13
277
47
93
31
291
64
208
122
233
213
134
242
173
261
183
241
92
25
49
0
96
132
270
176
326
252
308
211
204
437
112
230
44
249
59
386
37
428
283
232
45
126
417
407
113
74
256
306
378
227
72
147
157
276
237
193
150
301
110
167
331
418
94
346
264
391
379
33
390
187
224
51
207
235
317
221
215
34
269
205
426
472
159
307
40
274
184
63
419
120
253
108
5
239
248
195
170
214
143
135
71
401
36
185
101
129
272
151
251
179
99
492
105
146
133
420
240
441
468
303
222
190
10
116
243
191
140
425
340
104
86
83
29
446
271
351
12
82
17
427
402
117
297
388
312
288
245
370
409
380
323
310
260
320
327
367
284
216
58
259
138
225
319
231
220
199
7
369
436
434
156
154
4
78
123
361
158
18
343
289
389
121
355
422
265
52
136
302
328
279
377
50
228
381
412
474
385
449
447
347
304
309
364
236
300
89
397
77
335
322
152
75
290
118
43
250
66
217
97
262
153
68
115
192
130
263
295
348
30
258
172
433
95
198
148
23
55
163
22
6
109
145
80
60
2
107
139
24
19
79
62
149
54
188
257
3
81
165
56
87
162
35
128
102
1
76
161
296
210
103
53
169
174
218
41
106
28
88
166
84
247
57
268
171
144
238
11
27
212
164
266
73
127
177
321
98
26
142
85
180
246
324
292
178
219
70
209
8
141
244
338
131
175
69
160
168
46
100
13
277
47
93
31
291
64
208
122
233
213
134
242
173
261
183
241
92
25
49
0
96
132
270
176
326
252
308
211
204
437
112
230
44
249
59
386
37
428
283
232
45
126
417
407
113
74
256
306
378
227
72
147
157
276
237
193
150
301
110
167
331
418
94
346
264
391
379
33
390
187
224
51
207
235
317
221
215
34
269
205
426
472
159
307
40
274
184
63
419
120
253
108
5
239
248
195
170
214
143
135
71
401
36
185
101
129
272
151
251
179
99
492
105
146
133
420
240
441
468
303
222
190
10
116
243
191
140
425
340
104
86
83
29
446
271
351
12
82
17
427
402
117
297
388
312
288
245
370
409
380
323
310
260
320
327
367
284
216
58
259
138
225
319
231
220
199
7
369
436
434
156
154
4
78
123
361
158
18
343
289
389
121
355
422
265
52
136
302
328
279
377
50
228
381
412
474
385
449
447
347
304
309
364
236
300
89
397
77
335
322
152
75
290
118
43
250
66
217
97
262
153
68
115
192
130
263
295
348
30
258
172
433
95
198
148
23
55
163
22
6
109
145
80
60
2
107
139
24
19
79
62
149
54
188
257
3
81
165
56
87
162
35
128
102
1
76
161
296
210
103
53
169
174
218
41
106
28
88
166
84
247
57
268
171
144
238
11
27
212
164
266
73
127
177
321
98
26
142
85
180
246
324
292
178
219
70
209
8
141
244
338
131
175
69
160
168
46
100
13
277
47
93
31
291
64
208
122
233
213
134
242
173
261
183
241
92
25
49
0
96
132
270
176
326
252
308
211
204
437
112
230
44
249
59
386
37
428
283
232
45
126
417
407
113
74
256
306
378
227
72
147
157
276
237
193
150
301
110
167
331
418
94
346
264
391
379
33
390
187
224
51
207
235
317
221
215
34
269
205
426
472
159
307
40
274
184
63
419
120
253
108
5
239
248
195
170
214
143
135
71
401
36
185
101
129
272
151
251
179
99
492
105
146
133
420
240
441
468
303
222
190
10
116
243
191
140
425
340
104
86
83
29
446
271
351
12
82
17
427
402
117
297
388
312
288
245
370
409
380
323
310
260
320
327
367
284
216
58
259
138
225
319
231
220
199
7
369
436
434
156
154
4
78
123
361
158
18
343
289
389
121
355
422
265
52
136
302
328
279
377
50
228
381
412
474
385
449
447
347
304
309
364
236
300
89
397
77
335
322
152
75
290
118
43
250
66
217
97
262
153
68
115
192
130
263
295
348
30
258
172
433
95
198
148
23
55
163
22
6
109
145
80
60
2
107
139
24
19
79
62
149
54
188
257
3
81
165
56
87
162
35
128
102
1
76
161
296
210
103
53
169
174
218
41
106
28
88
166
84
247
57
268
171
144
238
11
27
212
164
266
73
127
177
321
98
26
142
85
180
246
324
292
178
219
70
209
8
141
244
338
131
175
69
160
168
46
100
13
277
47
93
31
291
64
208
122
233
213
134
242
173
261
183
241
92
25
49
0
96
132
270
176
326
252
308
211
204
437
112
230
44
249
59
386
37
428
283
232
45
126
417
407
113
74
256
306
378
227
72
147
157
276
237
193
150
301
110
167
331
418
94
346
264
391
379
33
390
187
224
51
207
235
317
221
215
34
269
205
426
472
159
307
40
274
184
63
419
120
253
108
5
239
248
195
170
214
143
135
71
401
36
185
101
129
272
151
251
179
99
492
105
146
133
420
240
441
468
303
222
190
10
116
243
191
140
425
340
104
86
83
29
446
271
351
12
82
17
427
402
117
297
388
312
288
245
370
409
380
323
310
260
320
327
367
284
216
58
259
138
225
319
231
220
199
7
369
436
434
156
154
4
78
123
361
158
18
343
289
389
121
355
422
265
52
136
302
328
279
377
50
228
381
412
474
385
449
447
347
304
309
364
236
300
89
397
77
335
322
152
75
290
118
43
250
66
217
97
262
153
68
115
192
130
263
295
348
30
258
172
433
95
198
148
23
55
163
22
6
109
145
80
60
2
107
139
24
19
79
62
149
54
188
257
3
81
165
56
87
162
35
128
102
1
76
161
296
210
103
53
169
174
218
41
106
28
88
166
84
247
57
268
171
144
238
11
27
212
164
266
73
127
177
321
98
26
142
85
180
246
324
292
178
219
70
209
8
141
244
338
131
175
69
160
168
46
100
13
277
47
93
31
291
64
208
122
233
213
134
242
173
261
183
241
92
25
49
0
96
132
270
176
326
252
308
211
204
437
112
230
44
249
59
386
37
428
283
232
45
126
417
407
113
74
256
306
378
227
72
147
157
276
237
193
150
301
110
167
331
418
94
346
264
391
379
33
390
187
224
51
207
235
317
221
215
34
269
205
426
472
159
307
40
274
184
63
419
120
253
108
5
239
248
195
170
214
143
135
71
401
36
185
101
129
272
151
251
179
99
492
105
146
133
420
240
441
468
303
222
190
10
116
243
191
140
425
340
104
86
83
29
446
271
351
12
82
17
427
402
117
297
388
312
288
245
370
409
380
323
310
260
320
327
367
284
216
58
259
138
225
319
231
220
199
7
369
436
434
156
154
4
78
123
361
158
18
343
289
389
121
355
422
265
52
136
302
328
279
377
50
228
381
412
474
385
449
447
347
304
309
364
236
300
89
397
77
335
322
152
75
290
118
43
250
66
217
97
262
153
68
115
192
130
263
295
348
30
258
172
433
95
198
148
23
55
163
22
6
109
145
80
60
2
107
139
24
19
79
62
149
54
188
257
3
81
165
56
87
162
35
128
102
1
76
161
296
210
103
53
169
174
218
41
106
28
88
166
84
247
57
268
171
144
238
11
27
212
164
266
73
127
177
321
98
26
142
85
180
246
324
292
178
219
70
209
8
141
244
338
131
175
69
160
168
46
100
13
277
47
93
31
291
64
208
122
233
213
134
242
173
261
183
241
92
25
49
0
96
132
270
176
326
252
308
211
204
437
112
230
44
249
59
386
37
428
283
232
45
126
417
407
113
74
256
306
378
227
72
147
157
276
237
193
150
301
110
167
331
418
94
346
264
391
379
33
390
187
224
51
207
235
317
221
215
34
269
205
426
472
159
307
40
274
184
63
419
120
253
108
5
239
248
195
170
214
143
135
71
401
36
185
101
129
272
151
251
179
99
492
105
146
133
420
240
441
468
303
222
190
10
116
243
191
140
425
340
104
86
83
29
446
271
351
12
82
17
427
402
117
297
388
312
288
245
370
409
380
323
310
260
320
327
367
284
216
58
259
138
225
319
231
220
199
7
369
436
434
156
154
4
78
123
361
158
18
343
289
389
121
355
422
265
52
136
302
328
279
377
50
228
381
412
474
385
449
447
347
304
309
364
236
300
89
397
77
335
322
152
75
290
118
43
250
66
217
97
262
153
68
115
192
130
263
295
348
30
258
172
433
95
198
148
23
55
163
22
6
109
145
80
60
2
107
139
24
19
79
62
149
54
188
257
3
81
165
56
87
162
35
128
102
1
76
161
296
210
103
53
169
174
218
41
106
28
88
166
84
247
57
268
171
144
238
11
27
212
164
266
73
127
177
321
98
26
142
85
180
246
324
292
178
219
70
209
8
141
244
338
131
175
69
160
168
46
100
13
277
47
93
31
291
64
208
122
233
213
134
242
173
261
183
241
92
25
49
0
96
132
270
176
326
252
308
211
204
437
112
230
44
249
59
386
37
428
283
232
45
126
417
407
113
74
256
306
378
227
72
147
157
276
237
193
150
301
110
167
331
418
94
346
264
391
379
33
390
187
224
51
207
235
317
221
215
34
269
205
426
472
159
307
40
274
184
63
419
120
253
108
5
239
248
195
170
214
143
135
71
401
36
185
101
129
272
151
251
179
99
492
105
146
133
420
240
441
468
303
222
190
10
116
243
191
140
425
340
104
86
83
29
446
271
351
12
82
17
427
402
117
297
388
312
288
245
370
409
380
323
310
260
320
327
367
284
216
58
259
138
225
319
231
220
199
7
369
436
434
156
154
4
78
123
361
158
18
343
289
389
121
355
422
265
52
136
302
328
279
377
50
228
381
412
474
385
449
447
347
304
309
364
236
300
89
397
77
335
322
152
75
290
118
43
250
66
217
97
262
153
68
115
192
130
263
295
348
30
258
172
433
95
198
148
23
55
163
22
6
109
145
80
60
2
107
139
24
19
79
62
149
54
188
257
3
81
165
56
87
162
35
128
102
1
76
161
296
210
103
53
169
174
218
41
106
28
88
166
84
247
57
268
171
144
238
11
27
212
164
266
73
127
177
321
98
26
142
85
180
246
324
292
178
219
70
209
8
141
244
338
131
175
69
160
168
46
100
13
277
47
93
31
291
64
208
122
233
213
134
242
173
261
183
241
92
25
49
0
96
132
270
176
326
252
308
211
204
437
112
230
44
249
59
386
37
428
283
232
45
126
417
407
113
74
256
306
378
227
72
147
157
276
237
193
150
301
110
167
331
418
94
346
264
391
379
33
390
187
224
51
207
235
317
221
215
34
269
205
426
472
159
307
40
274
184
63
419
120
253
108
5
239
248
195
170
214
143
135
71
401
36
185
101
129
272
151
251
179
99
492
105
146
133
420
240
441
468
303
222
190
10
116
243
191
140
425
340
104
86
83
29
446
271
351
12
82
17
427
402
117
297
388
312
288
245
370
409
380
323
310
260
320
327
367
284
216
58
259
138
225
319
231
220
199
7
369
436
434
156
154
4
78
123
361
158
18
343
289
389
121
355
422
265
52
136
302
328
279
377
50
228
381
412
474
385
449
447
347
304
309
364
236
300
89
397
77
335
322
152
75
290
118
43
250
66
217
97
262
153
68
115
192
130
263
295
348
30
258
172
433
95
198
148
23
55
163
22
6
109
145
80
60
2
107
139
24
19
79
62
149
54
188
257
3
81
165
56
87
162
35
128
102
1
76
161
296
210
103
53
169
174
218
41
106
28
88
166
84
247
57
268
171
144
238
11
27
212
164
266
73
127
177
321
98
26
142
85
180
246
324
292
178
219
70
209
8
141
244
338
131
175
69
160
168
46
100
13
277
47
93
31
291
64
208
122
233
213
134
242
173
261
183
241
92
25
49
0
96
132
270
176
326
252
308
211
204
437
112
230
44
249
59
386
37
428
283
232
45
126
417
407
113
74
256
306
378
227
72
147
157
276
237
193
150
301
110
167
331
418
94
346
264
391
379
33
390
187
224
51
207
235
317
221
215
34
269
205
426
472
159
307
40
274
184
63
419
120
253
108
5
239
248
195
170
214
143
135
71
401
36
185
101
129
272
151
251
179
99
492
105
146
133
420
240
441
468
303
222
190
10
116
243
191
140
425
340
104
86
83
29
446
271
351
12
82
17
427
402
117
297
388
312
288
245
370
409
380
323
310
260
320
327
367
284
216
58
259
138
225
319
231
220
199
7
369
436
434
156
154
4
78
123
361
158
18
343
289
389
121
355
422
265
52
136
302
328
279
377
50
228
381
412
474
385
449
447
347
304
309
364
236
300
89
397
77
335
322
152
75
290
118
43
250
66
217
97
262
153
68
115
192
130
263
295
348
30
258
172
433
95
198
148
23
55
163
22
6
109
145
80
60
2
107
139
24
19
79
62
149
54
188
257
3
81
165
56
87
162
35
128
102
1
76
161
296
210
103
53
169
174
218
41
106
28
88
166
84
247
57
268
171
144
238
11
27
212
164
266
73
127
177
321
98
26
142
85
180
246
324
292
178
219
70
209
8
141
244
338
131
175
69
160
168
46
100
13
277
47
93
31
291
64
208
122
233
213
134
242
173
261
183
241
92
25
49
0
96
132
270
176
326
252
308
211
204
437
112
230
44
249
59
386
37
428
283
232
45
126
417
407
113
74
256
306
378
227
72
147
157
276
237
193
150
301
110
167
331
418
94
346
264
391
379
33
390
187
224
51
207
235
317
221
215
34
269
205
426
472
159
307
40
274
184
63
419
120
253
108
5
239
248
195
170
214
143
135
71
401
36
185
101
129
272
151
251
179
99
492
105
146
133
420
240
441
468
303
222
190
10
116
243
191
140
425
340
104
86
83
29
446
271
351
12
82
17
427
402
117
297
388
312
288
245
370
409
380
323
310
260
320
327
367
284
216
58
259
138
225
319
231
220
199
7
369
436
434
156
154
4
78
123
361
158
18
343
289
389
121
355
422
265
52
136
302
328
279
377
50
228
381
412
474
385
449
447
347
304
309
364
236
300
89
397
77
335
322
152
75
290
118
43
250
66
217
97
262
153
68
115
192
130
263
295
348
30
258
172
433
95
198
148
23
55
163
22
6
109
145
80
60
2
107
139
24
19
79
62
149
54
188
257
3
81
165
56
87
162
35
128
102
1
76
161
296
210
103
53
169
174
218
41
106
28
88
166
84
247
57
268
171
144
238
11
27
212
164
266
73
127
177
321
98
26
142
85
180
246
324
292
178
219
70
209
8
141
244
338
131
175
69
160
168
46
100
13
277
47
93
31
291
64
208
122
233
213
134
242
173
261
183
241
92
25
49
0
96
132
270
176
326
252
308
211
204
437
112
230
44
249
59
386
37
428
283
232
45
126
417
407
113
74
256
306
378
227
72
147
157
276
237
193
150
301
110
167
331
418
94
346
264
391
379
33
390
187
224
51
207
235
317
221
215
34
269
205
426
472
159
307
40
274
184
63
419
120
253
108
5
239
248
195
170
214
143
135
71
401
36
185
101
129
272
151
251
179
99
492
105
146
133
420
240
441
468
303
222
190
10
116
243
191
140
425
340
104
86
83
29
446
271
351
12
82
17
427
402
117
297
388
312
288
245
370
409
380
323
310
260
320
327
367
284
216
58
259
138
225
319
231
220
199
7
369
436
434
156
154
4
78
123
361
158
18
343
289
389
121
355
422
265
52
136
302
328
279
377
50
228
381
412
474
385
449
447
347
304
309
364
236
300
89
397
77
335
322
152
75
290
118
43
250
66
217
97
262
153
68
115
192
130
263
295
348
30
258
172
433
95
198
148
23
55
163
22
6
109
145
80
60
2
107
139
24
19
79
62
149
54
188
257
3
81
165
56
87
162
35
128
102
1
76
161
296
210
103
53
169
174
218
41
106
28
88
166
84
247
57
268
171
144
238
11
27
212
164
266
73
127
177
321
98
26
142
85
180
246
324
292
178
219
70
209
8
141
244
338
131
175
69
160
168
46
100
13
277
47
93
31
291
64
208
122
233
213
134
242
173
261
183
241
92
25
49
0
96
132
270
176
326
252
308
211
204
437
112
230
44
249
59
386
37
428
283
232
45
126
417
407
113
74
256
306
378
227
72
147
157
276
237
193
150
301
110
167
331
418
94
346
264
391
379
33
390
187
224
51
207
235
317
221
215
34
269
205
426
472
159
307
40
274
184
63
419
120
253
108
5
239
248
195
170
214
143
135
71
401
36
185
101
129
272
151
251
179
99
492
105
146
133
420
240
441
468
303
222
190
10
116
243
191
140
425
340
104
86
83
29
446
271
351
12
82
17
427
402
117
297
388
312
288
245
370
409
380
323
310
260
320
327
367
284
216
58
259
138
225
319
231
220
199
7
369
436
434
156
154
4
78
123
361
158
18
343
289
389
121
355
422
265
52
136
302
328
279
377
50
228
381
412
474
385
449
447
347
304
309
364
236
300
89
397
77
335
322
152
75
290
118
43
250
66
217
97
262
153
68
115
192
130
263
295
348
30
258
172
433
95
198
148
23
55
163
22
6
109
145
80
60
2
107
139
24
19
79
62
149
54
188
257
3
81
165
56
87
162
35
128
102
1
76
161
296
210
103
53
169
174
218
41
106
28
88
166
84
247
57
268
171
144
238
11
27
212
164
266
73
127
177
321
98
26
142
85
180
246
324
292
178
219
70
209
8
141
244
338
131
175
69
160
168
46
100
13
277
47
93
31
291
64
208
122
233
213
134
242
173
261
183
241
92
25
49
0
96
132
270
176
326
252
308
211
204
437
112
230
44
249
59
386
37
428
283
232
45
126
417
407
113
74
256
306
378
227
72
147
157
276
237
193
150
301
110
167
331
418
94
346
264
391
379
33
390
187
224
51
207
235
317
221
215
34
269
205
426
472
159
307
40
274
184
63
419
120
253
108
5
239
248
195
170
214
143
135
71
401
36
185
101
129
272
151
251
179
99
492
105
146
133
420
240
441
468
303
222
190
10
116
243
191
140
425
340
104
86
83
29
446
271
351
12
82
17
427
402
117
297
388
312
288
245
370
409
380
323
310
260
320
327
367
284
216
58
259
138
225
319
231
220
199
7
369
436
434
156
154
4
78
123
361
158
18
343
289
389
121
355
422
265
52
136
302
328
279
377
50
228
381
412
474
385
449
447
347
304
309
364
236
300
89
397
77
335
322
152
75
290
118
43
250
66
217
97
262
153
68
115
192
130
263
295
348
30
258
172
433
95
198
148
23
55
163
22
6
109
145
80
60
2
107
139
24
19
79
62
149
54
188
257
3
81
165
56
87
162
35
128
102
1
76
161
296
210
103
53
169
174
218
41
106
28
88
166
84
247
57
268
171
144
238
11
27
212
164
266
73
127
177
321
98
26
142
85
180
246
324
292
178
219
70
209
8
141
244
338
131
175
69
160
168
46
100
13
277
47
93
31
291
64
208
122
233
213
134
242
173
261
183
241
92
25
49
0
96
132
270
176
326
252
308
211
204
437
112
230
44
249
59
386
37
428
283
232
45
126
417
407
113
74
256
306
378
227
72
147
157
276
237
193
150
301
110
167
331
418
94
346
264
391
379
33
390
187
224
51
207
235
317
221
215
34
269
205
426
472
159
307
40
274
184
63
419
120
253
108
5
239
248
195
170
214
143
135
71
401
36
185
101
129
272
151
251
179
99
492
105
146
133
420
240
441
468
303
222
190
10
116
243
191
140
425
340
104
86
83
29
446
271
351
12
82
17
427
402
117
297
388
312
288
245
370
409
380
323
310
260
320
327
367
284
216
58
259
138
225
319
231
220
199
7
369
436
434
156
154
4
78
123
361
158
18
343
289
389
121
355
422
265
52
136
302
328
279
377
50
228
381
412
474
385
449
447
347
304
309
364
236
300
89
397
77
335
322
152
75
290
118
43
250
66
217
97
262
153
68
115
192
130
263
295
348
30
258
172
433
95
198
148
23
55
163
22
6
109
145
80
60
2
107
139
24
19
79
62
149
54
188
257
3
81
165
56
87
162
35
128
102
1
76
161
296
210
103
53
169
174
218
41
106
28
88
166
84
247
57
268
171
144
238
11
27
212
164
266
73
127
177
321
98
26
142
85
180
246
324
292
178
219
70
209
8
141
244
338
131
175
69
160
168
46
100
13
277
47
93
31
291
64
208
122
233
213
134
242
173
261
183
241
92
25
49
0
96
132
270
176
326
252
308
211
204
437
112
230
44
249
59
386
37
428
283
232
45
126
417
407
113
74
256
306
378
227
72
147
157
276
237
193
150
301
110
167
331
418
94
346
264
391
379
33
390
187
224
51
207
235
317
221
215
34
269
205
426
472
159
307
40
274
184
63
419
120
253
108
5
239
248
195
170
214
143
135
71
401
36
185
101
129
272
151
251
179
99
492
105
146
133
420
240
441
468
303
222
190
10
116
243
191
140
425
340
104
86
83
29
446
271
351
12
82
17
427
402
117
297
388
312
288
245
370
409
380
323
310
260
320
327
367
284
216
58
259
138
225
319
231
220
199
7
369
436
434
156
154
4
78
123
361
158
18
343
289
389
121
355
422
265
52
136
302
328
279
377
50
228
381
412
474
385
449
447
347
304
309
364
236
300
89
397
77
335
322
152
75
290
118
43
250
66
217
97
262
153
68
115
192
130
263
295
348
30
258
172
433
95
198
148
23
55
163
22
6
109
145
80
60
2
107
139
24
19
79
62
149
54
188
257
3
81
165
56
87
162
35
128
102
1
76
161
296
210
103
53
169
174
218
41
106
28
88
166
84
247
57
268
171
144
238
11
27
212
164
266
73
127
177
321
98
26
142
85
180
246
324
292
178
219
70
209
8
141
244
338
131
175
69
160
168
46
100
13
277
47
93
31
291
64
208
122
233
213
134
242
173
261
183
241
92
25
49
0
96
132
270
176
326
252
308
211
204
437
112
230
44
249
59
386
37
428
283
232
45
126
417
407
113
74
256
306
378
227
72
147
157
276
237
193
150
301
110
167
331
418
94
346
264
391
379
33
390
187
224
51
207
235
317
221
215
34
269
205
426
472
159
307
40
274
184
63
419
120
253
108
5
239
248
195
170
214
143
135
71
401
36
185
101
129
272
151
251
179
99
492
105
146
133
420
240
441
468
303
222
190
10
116
243
191
140
425
340
104
86
83
29
446
271
351
12
82
17
427
402
117
297
388
312
288
245
370
409
380
323
310
260
320
327
367
284
216
58
259
138
225
319
231
220
199
7
369
436
434
156
154
4
78
123
361
158
18
343
289
389
121
355
422
265
52
136
302
328
279
377
50
228
381
412
474
385
449
447
347
304
309
364
236
300
89
397
77
335
322
152
75
290
118
43
250
66
217
97
262
153
68
115
192
130
263
295
348
30
258
172
433
95
198
148
23
55
163
22
6
109
145
80
60
2
107
139
24
19
79
62
149
54
188
257
3
81
165
56
87
162
35
128
102
1
76
161
296
210
103
53
169
174
218
41
106
28
88
166
84
247
57
268
171
144
238
11
27
212
164
266
73
127
177
321
98
26
142
85
180
246
324
292
178
219
70
209
8
141
244
338
131
175
69
160
168
46
100
13
277
47
93
31
291
64
208
122
233
213
134
242
173
261
183
241
92
25
49
0
96
132
270
176
326
252
308
211
204
437
112
230
44
249
59
386
37
428
283
232
45
126
417
407
113
74
256
306
378
227
72
147
157
276
237
193
150
301
110
167
331
418
94
346
264
391
379
33
390
187
224
51
207
235
317
221
215
34
269
205
426
472
159
307
40
274
184
63
419
120
253
108
5
239
248
195
170
214
143
135
71
401
36
185
101
129
272
151
251
179
99
492
105
146
133
420
240
441
468
303
222
190
10
116
243
191
140
425
340
104
86
83
29
446
271
351
12
82
17
427
402
117
297
388
312
288
245
370
409
380
323
310
260
320
327
367
284
216
58
259
138
225
319
231
220
199
7
369
436
434
156
154
4
78
123
361
158
18
343
289
389
121
355
422
265
52
136
302
328
279
377
50
228
381
412
474
385
449
447
347
304
309
364
236
300
89
397
77
335
322
152
75
290
118
43
250
66
217
97
262
153
68
115
192
130
263
295
348
30
258
172
433
95
198
