65
318
406
467
538
97
5
241
223
216
576
574
567
561
491
457
438
423
42
0
65
318
406
467
538
97
5
241
223
216
576
574
567
561
491
457
438
423
42
0
65
318
406
467
538
97
5
241
223
216
576
574
567
561
491
457
438
423
42
0
65
318
406
467
538
97
5
241
223
216
576
574
567
561
491
457
438
423
42
0
65
318
406
467
538
97
5
241
223
216
576
574
567
561
491
457
438
423
42
0
65
318
406
467
538
97
5
241
223
216
576
574
567
561
491
457
438
423
42
0
65
318
406
467
538
97
5
241
223
216
576
574
567
561
491
457
438
423
42
0
65
318
406
467
538
97
5
241
223
216
576
574
567
561
491
457
438
423
42
0
65
318
406
467
538
97
5
241
223
216
576
574
567
561
491
457
438
423
42
0
65
318
406
467
538
97
5
241
223
216
576
574
567
561
491
457
438
423
42
0
65
318
406
467
538
97
5
241
223
216
576
574
567
561
491
457
438
423
42
0
65
318
406
467
538
97
5
241
223
216
576
574
567
561
491
457
438
423
42
0
65
318
406
467
538
97
5
241
223
216
576
574
567
561
491
457
438
423
42
0
65
318
406
467
538
97
5
241
223
216
576
574
567
561
491
457
438
423
42
0
65
318
406
467
538
97
5
241
223
216
576
574
567
561
491
457
438
423
42
0
65
318
406
467
538
97
5
241
223
216
576
574
567
561
491
457
438
423
42
0
65
318
406
467
538
97
5
241
223
216
576
574
567
561
491
457
438
423
42
0
65
318
406
467
538
97
5
241
223
216
576
574
567
561
491
457
438
423
42
0
65
318
406
467
538
97
5
241
223
216
576
574
567
561
491
457
438
423
42
0
65
318
406
467
538
97
5
241
223
216
576
574
567
561
491
457
438
423
42
0
65
318
406
467
538
97
5
241
223
216
576
574
567
561
491
457
438
423
42
0
65
318
406
467
538
97
5
241
223
216
576
574
567
561
491
457
438
423
42
0
65
318
406
467
538
97
5
241
223
216
576
574
567
561
491
457
438
423
42
0
65
318
406
467
538
97
5
241
223
216
576
574
567
561
491
457
438
423
42
0
65
318
406
467
538
97
5
241
223
216
576
574
567
561
491
457
438
423
42
0
65
318
406
467
538
97
5
241
223
216
576
574
567
561
491
457
438
423
42
0
65
318
406
467
538
97
5
241
223
216
576
574
567
561
491
457
438
423
42
0
65
318
406
467
538
97
5
241
223
216
576
574
567
561
491
457
438
423
42
0
65
318
406
467
538
97
5
241
223
216
576
574
567
561
491
457
438
423
42
0
65
318
406
467
538
97
5
241
223
216
576
574
567
561
491
457
438
423
42
0
65
318
406
467
538
97
5
241
223
216
576
574
567
561
491
457
438
423
42
0
65
318
406
467
538
97
5
241
223
216
576
574
567
561
491
457
438
423
42
0
65
318
406
467
538
97
5
241
223
216
576
574
567
561
491
457
438
423
42
0
65
318
406
467
538
97
5
241
223
216
576
574
567
561
491
457
438
423
42
0
65
318
406
467
538
97
5
241
223
216
576
574
567
561
491
457
438
423
42
0
65
318
406
467
538
97
5
241
223
216
576
574
567
561
491
457
438
423
42
0
65
318
406
467
538
97
5
241
223
216
576
574
567
561
491
457
438
423
42
0
65
318
406
467
538
97
5
241
223
216
576
574
567
561
491
457
438
423
42
0
65
318
406
467
538
97
5
241
223
216
576
574
567
561
491
457
438
423
42
0
65
318
406
467
538
97
5
241
223
216
576
574
567
561
491
457
438
423
42
0
65
318
406
467
538
97
5
241
223
216
576
574
567
561
491
457
438
423
42
0
65
318
406
467
538
97
5
241
223
216
576
574
567
561
491
457
438
423
42
0
65
318
406
467
538
97
5
241
223
216
576
574
567
561
491
457
438
423
42
0
65
318
406
467
538
97
5
241
223
216
576
574
567
561
491
457
438
423
42
0
65
318
406
467
538
97
5
241
223
216
576
574
567
561
491
457
438
423
42
0
65
318
406
467
538
97
5
241
223
216
576
574
567
561
491
457
438
423
42
0
65
318
406
467
538
97
5
241
223
216
576
574
567
561
491
457
438
423
42
0
65
318
406
467
538
97
5
241
223
216
576
574
567
561
491
457
438
423
42
0
65
318
406
467
538
97
5
241
223
216
576
574
567
561
491
457
438
423
42
0
65
318
406
467
538
97
5
241
223
216
576
574
567
561
491
457
438
423
42
0
