89
39
245
201
231
53
174
98
35
210
45
283
29
176
201
131
79
202
147
89
106
155
270
297
26
145
195
226
88
111
239
4
12
263
144
283
21
230
245
124
198
211
191
75
146
74
138
261
134
255
215
196
262
314
133
14
256
299
125
277
185
194
241
47
136
130
99
312
118
206
200
153
221
145
43
115
141
276
108
256
224
315
70
50
110
76
104
224
59
19
288
147
137
242
58
39
25
173
121
286
82
223
291
124
115
137
289
81
280
25
110
217
30
164
102
0
245
197
189
229
114
121
69
147
196
144
65
266
6
59
28
153
277
276
178
234
87
300
160
157
152
241
199
249
111
113
312
303
192
237
273
49
146
183
38
281
308
195
21
166
221
289
193
214
64
2
94
278
266
296
293
138
198
103
197
244
61
298
215
281
35
169
272
115
292
310
294
87
78
124
170
110
152
73
190
188
261
277
61
143
203
13
148
288
233
230
136
76
69
157
269
165
163
107
105
91
67
216
284
248
216
207
107
72
257
74
157
306
250
236
233
147
69
42
98
120
248
195
217
155
235
187
143
302
304
208
308
198
41
154
