91
64
56
39
321
91
64
56
39
321
91
64
56
39
321
91
64
56
39
321
91
64
56
39
321
91
64
56
39
321
91
64
56
39
321
91
64
56
39
321
91
64
56
39
321
91
64
56
39
321
91
64
56
39
321
91
64
56
39
321
91
64
56
39
321
91
64
56
39
321
91
64
56
39
321
91
64
56
39
321
91
64
56
39
321
91
64
56
39
321
91
64
56
39
321
91
64
56
39
321
91
64
56
39
321
91
64
56
39
321
91
64
56
39
321
91
64
56
39
321
91
64
56
39
321
91
64
56
39
321
91
64
56
39
321
91
64
56
39
321
91
64
56
39
321
91
64
56
39
321
91
64
56
39
321
91
64
56
39
321
91
64
56
39
321
91
64
56
39
321
91
64
56
39
321
91
64
56
39
321
91
64
56
39
321
91
64
56
39
321
91
64
56
39
321
91
64
56
39
321
91
64
56
39
321
91
64
56
39
321
91
64
56
39
321
91
64
56
39
321
91
64
56
39
321
91
64
56
39
321
91
64
56
39
321
91
64
56
39
321
91
64
56
39
321
91
64
56
39
321
