85
105
127
28
97
135
46
103
65
60
66
28
170
56
81
70
12
177
43
83
147
163
165
82
62
17
26
153
75
37
79
175
27
143
128
159
176
37
112
125
103
41
167
67
102
54
171
87
163
112
141
151
54
136
94
42
25
77
76
101
116
106
178
91
108
163
116
165
173
49
5
58
176
99
53
136
174
155
157
122
147
85
10
106
95
56
59
133
72
24
120
16
105
170
63
22
109
72
160
117
57
4
111
135
2
49
17
76
36
167
40
151
78
103
140
152
70
66
167
26
149
69
93
60
157
66
22
136
7
82
148
149
155
1
114
129
112
56
29
133
9
109
100
105
129
170
114
93
66
74
7
13
32
98
168
22
105
174
168
145
169
101
39
6
149
166
122
155
49
45
96
55
43
16
116
22
62
68
151
152
106
93
119
57
103
137
69
13
101
93
91
27
0
162
31
5
55
10
170
167
139
131
19
94
29
61
17
112
41
115
36
112
82
74
139
77
28
152
37
26
164
61
40
15
49
48
163
90
168
93
56
27
118
108
43
38
111
28
171
132
139
85
150
21
95
48
26
79
31
163
