1
3
14
2
7
1
3
14
2
7
1
3
14
2
7
1
3
14
2
7
1
3
14
2
7
1
3
14
2
7
1
3
14
2
7
1
3
14
2
7
1
3
14
2
7
1
3
14
2
7
1
3
14
2
7
1
3
14
2
7
1
3
14
2
7
1
3
14
2
7
1
3
14
2
7
1
3
14
2
7
1
3
14
2
7
1
3
14
2
7
1
3
14
2
7
1
3
14
2
7
1
3
14
2
7
1
3
14
2
7
1
3
14
2
7
1
3
14
2
7
1
3
14
2
7
1
3
14
2
7
1
3
14
2
7
1
3
14
2
7
1
3
14
2
7
1
3
14
2
7
1
3
14
2
7
1
3
14
2
7
1
3
14
2
7
1
3
14
2
7
1
3
14
2
7
1
3
14
2
7
1
3
14
2
7
1
3
14
2
7
1
3
14
2
7
1
3
14
2
7
1
3
14
2
7
1
3
14
2
7
1
3
14
2
7
1
3
14
2
7
1
3
14
2
7
1
3
14
2
7
1
3
14
2
7
1
3
14
2
7
1
3
14
2
7
1
3
14
2
7
