1
18
5
3
6
1
18
5
3
6
1
18
5
3
6
1
18
5
3
6
1
18
5
3
6
1
18
5
3
6
1
18
5
3
6
1
18
5
3
6
1
18
5
3
6
1
18
5
3
6
1
18
5
3
6
1
18
5
3
6
1
18
5
3
6
1
18
5
3
6
1
18
5
3
6
1
18
5
3
6
1
18
5
3
6
1
18
5
3
6
1
18
5
3
6
1
18
5
3
6
1
18
5
3
6
1
18
5
3
6
1
18
5
3
6
1
18
5
3
6
1
18
5
3
6
1
18
5
3
6
1
18
5
3
6
1
18
5
3
6
1
18
5
3
6
1
18
5
3
6
1
18
5
3
6
1
18
5
3
6
1
18
5
3
6
1
18
5
3
6
1
18
5
3
6
1
18
5
3
6
1
18
5
3
6
1
18
5
3
6
1
18
5
3
6
1
18
5
3
6
1
18
5
3
6
1
18
5
3
6
1
18
5
3
6
1
18
5
3
6
1
18
5
3
6
1
18
5
3
6
1
18
5
3
6
1
18
5
3
6
1
18
5
3
6
1
18
5
3
6
